29 58 0 
13 1 53 56 58 
58 
25 34 
49 54 3 3 29 49 48 48 48 
23 0 52 54 44 
22 53 31 1 
53 30 38 16 45 
30 38 
34 34 31 3 39 
63 29 53 38 63 29 53 38 
56 57 16 34 
56 
53 66 
52 53 54 53 
6 6 59 45 
53 58 4 
57 8 
12 
59 
44 53 38 28 30 
53 33 58 36 12 1 
58 56 
31 19 
53 5 
0 65 58 22 58 
6 45 
0 53 52 23 
53 52 50 52 0 
7 
48 
57 
48 23 57 0 58 
6 53 
54 62 
29 58 30 53 
58 
44 58 6 
55 7 3 
0 34 48 
6 56 
53 25 
53 58 57 28 52 
22 48 53 27 
2 51 48 33 34 
53 47 52 58 55 1 
58 4 
47 64 58 48 1 58 36 
53 12 52 57 27 33 47 1 
6 
37 
4 
66 66 
48 
49 58 10 
55 58 58 
26 53 2 
1 57 56 20 33 53 53 53 27 
34 2 57 58 56 
58 0 28 52 37 44 
59 
59 
44 38 53 
53 58 28 56 
56 58 62 
28 41 30 
53 12 
41 
6 
56 58 
56 62 
53 62 
6 28 31 38 
34 19 58 56 1 
6 38 44 
59 
8 33 
5 
43 43 
59 59 
44 
16 49 53 66 16 52 18 20 53 56 
53 
22 
58 
0 
0 
53 
19 0 53 58 
27 52 58 56 64 47 
58 34 34 33 20 27 33 
58 53 
58 
27 23 
27 53 36 20 31 
16 48 27 48 0 58 53 49 13 
53 13 23 16 38 58 
58 37 56 
64 58 2 
13 58 56 20 1 
1 13 24 20 56 
56 56 
56 58 53 
13 56 1 27 
18 53 57 46 
3 28 56 
23 58 58 11 
66 39 44 
36 25 25 48 0 
53 58 3 
53 20 62 66 
66 53 
56 38 62 
65 57 33 1 
53 47 48 58 1 
56 
61 41 1 
3 
0 52 
38 
56 63 27 
26 58 34 52 20 
30 38 6 
33 58 51 47 
45 5 53 
53 52 28 62 58 
53 58 36 
53 12 23 35 
52 57 19 57 57 0 
11 
25 
10 
4 
43 53 59 
53 64 
57 53 58 51 
53 2 53 0 61 
41 
16 52 
58 
23 
14 
12 
52 0 58 13 
58 
53 
44 
58 
45 53 58 3 
26 4 
44 38 28 30 53 
58 56 62 
26 44 0 
45 54 45 38 4 30 29 31 56 
53 47 25 30 
4 
58 56 1 16 
12 
21 58 0 
48 58 52 52 47 
25 48 0 
25 47 52 53 36 
30 38 3 29 45 
37 53 
56 
63 
38 26 
53 1 48 38 13 58 
58 29 37 53 
58 
25 53 
3 24 
28 33 25 58 53 0 2 
58 63 
6 3 44 47 
45 22 21 28 45 56 
43 
46 
52 16 16 
22 
30 
29 20 22 22 22 33 57 
8 
5 
16 
34 64 
30 
16 
0 12 23 58 36 
53 49 11 58 
53 22 58 52 
25 
47 
47 
38 30 56 3 
53 18 30 27 57 64 
16 65 1 
30 
9 44 53 
0 22 53 58 47 
0 19 53 
11 4 11 
20 30 38 
1 58 27 48 23 52 30 
47 
18 20 58 
30 
64 58 0 36 36 
60 
59 
44 5 
43 
23 33 58 34 57 56 0 
53 21 62 53 
30 
16 
53 
19 64 53 
42 53 59 
53 
18 
65 
47 
29 31 30 34 
65 1 16 
30 28 43 37 35 20 
30 51 56 
27 18 0 
45 58 56 
38 41 
11 15 
47 
48 16 23 56 
12 56 0 58 
31 54 48 
20 23 33 
40 
65 
46 
63 
34 
20 22 20 
35 
44 40 38 53 47 3 
47 3 30 47 22 48 41 
57 16 27 58 0 
44 10 20 
10 58 33 27 
52 52 56 
45 
3 16 55 34 45 42 
53 
64 53 58 
0 52 12 57 58 
48 30 47 37 0 41 
46 
56 
11 
11 
43 
58 
59 59 30 59 59 59 
44 58 38 
42 
45 
56 36 36 
3 
58 
9 38 58 
47 
47 
20 52 58 
3 58 22 
0 29 45 25 58 
63 
1 38 43 65 
58 63 20 29 47 
0 22 22 29 48 
63 
56 47 23 
0 20 
42 47 
65 38 16 58 
16 16 16 
36 
54 58 
34 
64 
18 
46 
56 13 
24 16 37 54 31 0 13 50 
38 
47 53 36 58 64 
63 34 27 
0 25 54 58 
63 56 
38 4 
52 53 16 
31 38 
47 
52 
13 16 16 16 16 16 
30 2 
16 11 
42 
13 
5 53 30 30 30 30 30 30 40 
30 62 
59 
30 
16 
64 44 15 
12 62 2 51 57 
32 34 22 33 33 36 22 
30 
53 21 
47 
52 
56 19 57 16 28 33 36 57 16 54 53 
63 19 53 25 
38 0 16 52 
41 
43 
36 53 
16 
15 16 15 13 16 16 16 
53 58 25 58 38 51 
42 
45 
58 13 34 48 44 23 
22 
10 
30 
58 16 16 13 
52 
22 
47 47 
58 20 16 1 32 34 
49 0 49 29 16 
45 
57 26 52 52 34 57 
54 
57 57 57 
58 
53 
20 
36 
63 47 
20 53 
65 
22 36 35 44 41 
22 1 52 58 
52 54 66 20 58 2 
0 52 52 0 58 51 29 33 
58 53 
53 63 58 
57 
20 
34 
22 22 
48 
34 
48 
20 
18 
16 33 
25 25 53 
3 41 53 12 
46 11 11 29 11 58 0 20 
48 
63 58 
63 45 
0 58 16 57 13 49 53 
12 1 58 53 
49 0 33 58 
38 30 
54 63 58 
42 29 19 58 53 
48 47 53 
58 
45 
56 58 
61 53 61 
54 58 63 
25 0 23 48 58 
1 58 
56 
46 
0 34 28 34 58 34 25 
38 25 58 0 
58 57 63 
56 23 38 25 
25 1 49 34 58 
52 30 58 0 16 
53 17 0 
0 51 
53 56 58 
30 
63 34 16 58 52 
16 38 0 32 20 
46 
34 13 0 52 58 
46 
53 
56 
2 
66 
20 
58 25 25 
38 
63 
46 
38 19 
54 56 43 30 
0 34 45 54 58 
58 
58 53 
58 53 
0 22 
63 23 13 45 58 
0 58 48 48 58 
30 0 22 34 
45 
52 58 53 16 63 
29 44 53 47 45 
33 28 52 16 36 
20 
63 16 
2 33 26 13 13 33 
36 22 36 47 
59 
65 58 38 
58 25 
0 56 48 58 
63 56 
38 28 34 
56 56 
2 
28 53 0 49 
34 51 0 
0 13 13 58 
34 58 
19 
53 25 0 47 58 
16 35 25 0 59 
30 
58 30 28 28 44 
0 38 30 13 58 44 
58 0 22 53 11 
20 53 47 
29 
28 56 
38 
44 59 47 
22 53 
58 
52 34 58 0 
49 21 
36 41 38 21 53 0 
47 66 28 
60 
38 25 58 0 
38 47 
58 28 44 11 
58 30 47 28 1 
33 0 34 13 
56 
10 10 
45 
53 
48 26 
0 13 54 52 52 42 
11 45 
54 
16 
58 
12 16 15 12 16 16 16 16 12 
65 0 
65 
55 53 
56 56 28 37 37 0 16 30 
54 25 58 0 
53 25 
45 53 4 30 
25 62 58 16 42 
48 
29 20 0 35 
52 33 
34 13 26 0 58 
13 25 38 58 
30 38 12 32 58 
36 
54 
34 
51 19 19 
46 
52 
58 
11 
30 48 63 58 
57 13 45 25 0 
58 25 38 19 0 53 
30 53 
45 
38 52 22 63 
6 42 56 
21 5 
58 
20 53 0 
52 0 22 
53 41 16 
56 2 57 58 47 
53 
5 5 
42 
47 
16 33 63 16 30 
63 36 58 
53 0 57 54 53 19 25 58 
62 53 38 
56 38 44 62 
13 0 58 54 32 47 
32 28 58 0 52 13 
0 
0 58 66 
8 53 28 
19 36 0 27 
58 
63 48 
53 48 
1 
22 41 48 
0 58 52 30 52 
58 56 41 
53 12 64 58 57 
44 53 25 65 
42 44 38 62 56 
0 12 30 58 57 57 
44 52 20 29 26 1 47 
2 28 22 48 
58 
1 20 53 
17 20 23 58 34 0 
59 59 
58 52 64 52 52 
0 33 48 56 52 58 
2 52 47 36 54 
27 
0 
37 6 6 
12 31 57 34 52 0 
0 57 30 53 25 52 58 
62 
65 58 
23 48 16 27 1 
37 28 43 30 58 52 0 
36 
62 53 53 65 
38 
19 
46 
11 
34 
46 
45 29 3 
38 53 62 
37 
38 30 47 
59 
63 58 
58 44 1 56 
53 10 
52 52 35 58 1 
45 
64 3 53 
53 52 48 52 58 1 
6 65 
53 54 22 62 
65 52 31 52 
40 
30 
41 
47 
58 62 53 
43 
53 22 6 38 
51 1 34 12 27 
19 58 34 
59 59 
38 58 
25 12 33 16 
5 5 
57 
48 
18 46 27 27 64 
22 
18 36 
15 15 
36 
51 51 57 
56 
0 20 
56 
3 45 
56 38 
48 58 0 54 
58 12 54 
53 58 38 
58 63 
30 39 31 62 
47 53 1 33 29 53 
19 34 62 58 
30 47 28 62 53 
62 53 
56 62 
19 53 36 62 
62 
62 
38 
0 53 20 
41 
59 
50 
48 36 54 
63 
18 58 
53 
3 15 
46 
52 57 52 58 12 0 
49 65 0 27 
33 18 1 47 30 62 
32 19 
5 45 
38 62 53 
0 57 30 58 
45 41 
45 
47 
52 53 44 
45 
58 58 
58 
45 
40 
47 47 47 
38 
47 
11 48 
65 
31 12 1 58 25 47 
1 29 48 30 37 28 
58 53 56 62 
56 26 62 58 
26 62 
29 18 53 58 0 
30 38 
30 30 54 31 
41 
38 13 52 38 
45 
59 
61 
66 56 58 62 
62 
34 51 34 34 34 1 58 
58 53 49 0 31 26 
30 
56 18 53 
31 57 33 36 18 57 53 
53 34 
48 
38 
0 30 28 36 58 
38 53 
58 56 30 62 45 
62 
1 58 25 53 
56 56 
38 
41 45 
44 
53 58 62 35 22 
58 56 28 44 
19 23 26 58 0 23 
58 
34 0 
47 
56 29 52 0 58 
42 0 52 
57 58 
25 36 
64 
64 
56 62 2 23 
56 20 53 58 
40 56 
45 41 
2 
1 58 12 
47 
9 
30 
56 58 
23 54 47 27 54 61 
37 
53 58 12 19 
38 56 
45 
54 1 58 12 48 
4 
5 
0 30 25 58 
53 25 61 
56 65 
25 12 34 52 0 
58 43 53 28 22 3 
37 
45 
53 12 23 54 
2 36 53 52 58 61 
52 0 58 47 
31 52 33 
48 19 
41 
45 
30 
30 5 41 30 
0 
48 47 
0 27 51 17 
0 34 48 52 
13 36 58 62 
0 34 52 58 36 27 
1 58 53 29 52 16 
22 17 0 47 
19 0 47 22 
53 
12 54 56 57 0 
38 2 53 
58 35 36 25 0 
53 
47 48 1 28 
1 53 58 
53 35 36 12 0 
53 
3 
49 7 47 
23 53 
56 30 38 
48 0 48 50 52 56 45 58 
53 38 30 
12 1 58 25 
0 
47 
58 3 21 33 20 55 33 
56 3 58 
30 
26 
56 
21 
12 58 16 15 12 12 0 
0 
22 56 56 
48 52 0 58 
58 33 1 66 
41 
58 19 0 
34 53 62 58 
53 62 57 55 58 
42 
53 
58 25 48 
8 
16 
3 31 21 45 
30 30 29 58 0 
58 0 53 
51 
53 6 58 
34 11 
29 39 49 53 
53 58 45 49 53 0 
53 45 0 51 52 27 48 52 
22 11 52 53 0 55 42 
0 
0 
51 
36 
48 17 48 
45 
58 34 52 54 
48 54 36 
8 
38 59 40 
44 65 62 39 
53 
11 
62 
58 63 19 22 
38 28 47 34 51 
48 
16 
3 39 
65 
51 
18 13 21 
46 
34 
49 
11 
59 
58 
8 
3 3 3 30 45 
6 
53 30 58 0 25 
44 58 
63 44 
38 
58 56 1 23 
49 10 
66 
0 33 23 48 52 
41 
66 66 66 66 
48 0 58 
48 48 1 58 55 33 
57 0 58 48 57 54 48 
1 
43 
8 
0 
47 58 26 13 33 64 
1 33 51 57 25 
41 58 
6 47 
58 
53 64 
32 16 57 0 34 
8 
51 53 58 
20 52 58 29 0 
0 65 57 28 
32 31 19 1 33 
31 37 
52 
30 33 59 
37 38 29 3 
45 
3 30 45 
54 30 
44 38 62 54 
62 
0 58 25 53 30 38 
0 52 
22 38 
42 
0 48 54 58 
11 
28 53 58 15 
30 
59 47 
11 
52 1 32 
62 53 53 56 
56 56 19 52 
64 
48 
20 58 36 2 36 
56 
58 
34 0 
22 
57 2 
45 60 59 42 
47 59 
58 45 25 65 30 
53 25 13 58 30 2 
61 52 53 
3 66 
48 
46 
66 66 
20 
65 
31 
29 
48 
48 
35 26 52 47 
52 48 26 57 1 
12 56 
7 7 
53 
53 
64 
59 47 
7 
58 53 18 
53 66 0 
58 64 
11 53 
23 
18 
18 
53 
16 16 16 16 
11 
45 
45 55 5 38 
43 4 38 
24 30 30 
45 
7 
62 20 33 33 
58 0 47 53 27 
0 49 
2 57 36 52 
44 
34 
53 
22 
31 
58 32 31 3 
61 
48 3 
10 56 53 27 42 
42 
45 
9 9 64 15 29 65 16 
1 48 53 25 58 
13 52 58 23 0 
5 
30 
14 14 
20 34 34 36 1 58 
53 4 
1 58 56 
1 56 
34 65 
18 62 
1 54 58 48 
53 20 58 34 1 
52 33 53 
49 49 49 
22 
11 
48 53 58 0 
66 
58 
56 
53 38 39 
21 5 53 
48 
25 58 1 29 34 
31 58 45 0 
26 1 39 34 
44 38 2 
4 48 30 30 
6 6 
47 45 30 5 
38 30 29 30 59 47 
48 58 34 52 11 55 
58 48 0 54 48 57 48 48 34 42 
0 
38 53 2 58 27 33 33 33 
55 61 61 64 20 20 7 7 
54 13 54 58 47 1 
3 44 
0 17 53 
3 64 
47 
45 
41 
53 
29 
4 45 58 
56 
1 53 
58 16 33 33 27 0 
31 58 62 28 
53 19 58 
58 20 56 
53 1 58 53 
60 
58 53 1 25 
48 57 58 
16 52 0 
16 25 58 1 
22 56 62 
58 
16 23 
18 18 
0 53 57 12 
38 66 66 66 53 
65 23 
3 31 29 34 45 
26 56 48 0 
47 
58 62 53 
41 38 
13 35 53 58 
0 16 53 16 58 
6 28 53 
2 54 58 13 
53 
47 
16 28 23 27 58 29 52 58 0 
54 
58 0 
1 52 48 28 28 52 34 57 58 
43 10 56 
47 41 
45 38 3 
20 29 
58 
59 
37 
6 56 
34 
11 
60 
59 
58 48 0 13 38 
3 17 48 53 45 
58 61 28 53 
53 
17 0 
21 
32 58 20 
9 58 42 
8 56 
46 
64 22 
20 36 
46 42 
10 25 53 
48 54 31 35 
35 13 1 31 38 28 47 
33 21 53 
3 
11 48 
3 
59 30 
56 
53 38 
22 
4 
53 45 37 21 
59 
45 
54 0 58 48 53 45 
25 0 30 48 58 47 
40 47 45 
44 23 
29 52 
37 30 
31 36 53 
20 20 
21 36 30 
38 44 41 32 32 29 
45 56 37 34 
5 
19 49 1 58 34 
8 
59 
53 
44 
57 53 20 1 58 
1 28 
42 
46 46 
53 66 
53 
58 20 
45 
46 
6 53 
30 
59 
57 18 23 62 53 53 
41 
45 
58 23 49 12 36 52 34 0 
34 3 
64 58 34 
58 20 
36 48 48 16 
24 53 56 
41 
38 40 12 7 48 
34 47 
58 29 3 59 
63 
59 
30 52 58 28 
25 
63 36 
65 38 30 
30 31 31 
59 
41 
30 31 
59 
30 28 56 
45 3 22 28 
53 
58 
48 16 56 
53 63 58 27 
58 53 
63 53 58 
58 63 
57 48 52 27 54 54 
58 0 47 
66 
10 53 43 
54 58 28 28 12 
6 47 
45 
1 58 
41 
45 
54 58 63 
60 
58 53 48 58 57 1 
53 64 
58 
30 
25 65 
0 48 0 29 52 52 48 
56 36 1 
11 59 
3 
65 
6 53 
63 
31 47 28 48 55 1 
53 5 
36 
56 
64 
52 52 58 13 13 0 
38 
58 54 
65 34 
51 34 
44 45 38 
30 38 
54 
5 44 
63 
30 38 
58 0 19 53 53 25 
0 34 
13 59 58 0 
9 
42 10 53 
7 
53 
0 20 51 51 
63 58 53 
33 41 30 
16 29 
59 
47 21 48 
45 
58 48 1 
65 25 28 34 1 
60 
65 35 12 33 23 
32 30 56 36 12 1 58 25 
58 63 53 
63 34 
9 0 
3 30 58 
53 48 
13 47 0 58 
58 55 54 52 
65 23 36 
52 
16 47 31 56 
52 
1 53 34 58 48 35 
61 
30 
29 30 38 58 53 3 
58 53 62 62 
63 45 
43 45 
44 5 6 
44 63 53 
58 52 58 0 
38 48 
0 61 
56 63 58 
58 48 1 25 
44 
58 53 
48 34 52 1 
47 
8 
21 8 
58 53 
53 
47 
56 42 
56 17 0 
22 22 34 
0 52 52 
38 45 30 
33 45 58 
58 1 48 20 
7 7 7 7 7 7 
30 
58 23 48 
9 53 2 
43 
63 23 58 53 
23 
63 53 58 
59 37 
53 47 23 22 
53 
58 
11 53 
54 2 58 
66 58 0 
31 43 56 
13 58 
21 4 53 11 36 7 4 34 4 
59 
56 36 29 
36 53 20 
13 49 49 
56 50 50 19 1 
59 
43 
10 44 
51 
60 
54 38 30 58 4 
58 38 
58 64 
53 37 11 58 38 
44 31 30 48 
1 13 34 54 52 51 
47 10 64 
58 3 
64 
58 0 12 31 
11 
48 25 58 48 1 
40 3 58 53 
1 58 16 50 
34 28 
51 51 
51 15 51 51 
58 13 28 1 
1 12 58 53 
41 
0 58 12 29 14 14 14 
61 
13 33 25 58 
25 53 30 
1 22 53 34 53 
60 
58 30 38 4 28 21 
30 28 25 1 58 
45 38 
30 60 47 
11 30 
65 28 
56 5 38 
30 48 
30 28 58 
48 52 51 
53 27 11 36 47 42 
30 36 53 1 36 13 
48 0 58 
58 
27 39 53 62 58 
8 
30 30 43 
41 37 
58 
6 38 
23 12 0 58 
13 1 54 58 16 34 
20 0 56 54 27 
16 48 53 8 1 
53 31 20 
65 53 
53 48 16 1 
20 48 58 62 13 
53 1 
4 
11 22 34 
25 58 33 28 
53 16 0 16 58 
16 29 16 0 
12 52 
3 38 47 58 28 26 
58 
48 30 0 58 
5 
6 62 44 
58 25 
14 53 1 29 
38 47 58 
43 38 
58 47 45 42 
16 16 3 
25 53 8 
30 7 53 58 
56 44 62 39 
58 
9 
58 34 22 53 1 
9 
16 
43 58 1 38 47 24 
53 54 36 10 
0 28 23 18 58 34 
58 63 
53 63 13 25 52 
48 37 0 
12 53 1 
54 2 53 31 54 
3 52 53 51 17 
6 
49 34 23 0 58 
53 22 
23 0 
57 48 58 0 
19 58 57 0 
20 
53 
58 48 53 36 22 1 
59 
11 3 53 
53 53 
47 
58 13 34 34 0 
65 65 
56 48 50 
19 34 36 34 
53 
20 33 32 53 
9 57 30 
65 
20 12 27 
30 62 56 
52 34 58 57 34 0 
58 62 62 
51 58 36 
51 27 1 58 57 
52 58 28 31 32 35 2 
58 
29 
61 58 
0 36 52 30 58 
41 29 38 
38 
53 58 1 
30 43 
44 58 
44 6 
5 
53 48 13 48 1 
52 34 62 36 
53 58 7 
0 48 52 
49 49 9 
47 47 
25 58 44 56 61 0 
47 41 
49 56 
12 49 36 57 58 0 
20 20 
12 0 
44 
53 57 48 64 
52 53 52 52 
47 40 59 
8 22 
45 
58 0 48 21 26 
48 
6 6 37 38 
38 66 13 36 54 
38 13 43 28 34 
47 47 
64 53 
58 3 18 
56 
2 30 52 
13 16 0 58 45 
60 
53 0 22 16 53 31 58 
53 58 62 21 
53 22 62 28 47 
13 58 
30 
64 58 
53 
53 
49 
38 
23 53 
0 16 28 58 
45 5 
58 30 38 34 4 
3 45 53 22 29 
1 25 30 58 
6 45 
30 
53 58 25 1 
48 30 3 34 45 
58 1 16 13 16 56 
48 38 
45 
44 52 56 2 
43 27 
45 
45 
2 58 23 54 16 
53 58 25 
61 53 
33 49 1 33 35 
58 44 45 42 
30 
48 0 34 
20 
0 52 56 3 31 54 
58 48 57 0 
8 59 
53 27 4 29 
8 
11 45 
65 58 36 0 52 13 47 
11 53 
9 33 
13 53 9 48 54 
24 39 41 
13 57 54 58 55 
52 53 27 16 1 
30 31 41 
45 52 
56 
42 53 
49 34 52 55 
53 45 3 40 40 
58 1 
27 42 56 16 
20 53 
22 34 26 59 
17 16 58 1 
43 47 
51 20 22 
22 
56 58 52 
16 30 2 47 38 
29 58 0 
38 30 45 52 4 31 
44 53 38 62 22 
47 42 
37 28 30 
53 3 
63 36 
58 38 
46 47 44 58 
53 30 25 2 42 
10 
58 43 43 
63 
55 10 36 0 
58 52 48 28 36 
62 62 62 34 36 34 49 
0 51 29 55 
52 30 58 1 
53 56 48 33 34 
2 22 55 32 
52 56 25 31 1 16 
48 36 38 
59 
48 0 
2 26 2 16 29 16 52 52 
45 59 
59 
37 
25 53 28 34 42 
6 22 
12 34 58 0 
58 57 57 54 48 1 
40 31 58 23 47 
34 58 
36 28 52 53 0 
58 16 
48 0 58 1 48 41 
41 
58 
54 
53 
17 
31 53 34 48 62 
1 28 16 58 
0 13 36 58 
11 
30 1 13 58 47 47 
53 61 58 
53 
53 43 3 30 11 
0 52 
63 
2 58 51 
30 30 38 38 
52 58 52 38 25 1 
0 58 28 25 
30 38 47 
63 
44 6 
53 32 35 33 16 62 
49 
56 
41 
16 
22 
58 1 53 16 
58 47 47 
52 48 58 57 0 
30 58 22 1 
51 
51 
56 3 58 
17 
58 56 27 
49 49 1 27 49 
49 49 
59 
66 38 40 
1 57 37 47 38 30 58 
53 62 
3 
44 30 41 
58 
43 
56 56 52 28 2 
59 
7 
59 
20 32 34 53 1 
58 36 18 0 29 
52 47 58 53 19 1 
58 36 2 48 16 47 
53 58 63 
23 22 
6 
0 9 57 
8 33 
34 52 55 49 31 
58 53 55 26 
58 66 56 
48 20 16 
53 53 62 
13 38 16 58 
61 0 32 
39 34 30 3 
30 1 22 45 
4 45 28 6 53 
53 52 0 49 18 
0 29 48 58 23 57 
30 
63 58 
23 
3 50 47 48 
43 30 36 36 
47 42 45 11 
25 44 
58 38 45 
47 
58 34 1 48 
5 
53 
13 0 57 
58 36 52 
16 51 50 50 
11 56 42 
30 12 31 48 43 
45 
19 36 61 0 
52 
59 
30 62 58 53 20 
59 
45 
56 34 0 57 
45 60 60 
49 44 49 4 
31 
16 
48 
56 36 
51 51 51 
0 
52 53 28 3 
33 16 
58 25 56 
16 57 57 20 1 
49 0 57 56 34 
2 58 53 54 
64 53 
48 48 30 
58 29 0 49 53 
64 58 57 49 64 57 
20 36 36 19 
53 
13 36 33 
62 13 53 58 
34 34 20 
29 
60 
33 
33 
45 
28 18 0 37 
51 
7 64 
58 58 
31 31 30 38 53 
0 58 22 36 
30 34 22 1 58 25 
58 62 
29 58 62 
54 62 44 
52 2 
30 30 37 52 
47 30 30 30 
58 44 23 0 38 
0 30 30 32 34 25 
37 
53 38 23 
6 44 
58 
47 47 58 
52 56 52 
12 56 31 53 
59 43 22 5 53 31 58 
30 29 30 
58 49 36 36 2 34 
49 0 57 52 58 
33 13 52 57 56 33 33 27 
36 56 63 
11 22 28 30 44 53 
6 
56 62 
21 47 53 
25 56 13 
56 58 62 
62 56 58 
41 30 
7 53 
59 
53 0 58 17 56 
36 48 
20 52 48 6 23 
1 34 55 13 
0 58 49 
28 43 30 53 36 
35 56 13 58 1 36 
16 56 1 53 
58 25 53 
53 
0 51 49 34 
53 
63 58 
53 59 47 
48 50 50 
19 23 47 
48 37 48 37 
14 14 
38 30 
11 
56 47 38 
58 19 27 16 
37 41 
22 32 32 30 28 0 54 
6 18 
53 1 58 
22 
51 
59 
34 
28 56 38 6 31 45 
52 53 2 18 
62 22 36 30 25 58 
58 53 
63 
63 
3 38 49 30 48 
56 
29 44 58 
42 38 31 44 
30 37 
53 60 
36 34 0 
56 56 62 
16 0 58 27 
45 
53 
58 43 45 
53 58 
29 0 18 
20 33 0 
0 51 30 48 
62 49 
26 49 11 0 58 
53 3 22 
4 20 
56 6 
59 59 
11 16 
48 22 
30 
42 44 20 54 2 
57 57 27 33 65 0 
41 
30 1 53 16 25 36 36 
62 
52 56 34 10 12 
29 4 
52 49 29 50 0 58 53 
24 
45 37 
20 23 32 1 61 
54 58 62 
4 52 34 36 58 
44 
51 
56 25 31 58 1 
2 58 
62 58 56 
56 
6 
43 
21 
49 
34 
58 
49 
48 
47 39 30 3 
23 53 
53 
20 36 25 1 58 
19 48 
11 
34 
18 
5 34 18 
48 29 13 1 53 31 
53 53 58 
58 51 12 34 58 47 0 
30 
0 47 38 48 57 
38 61 53 45 
58 21 0 25 
62 52 5 
58 
12 58 0 53 
30 
38 62 20 53 33 
40 30 53 38 
48 42 30 
45 58 
13 38 30 1 54 
47 30 
47 
49 11 0 52 58 47 
30 
63 
52 0 1 36 
58 17 11 0 
51 51 0 
58 57 20 34 1 
54 
4 
44 39 53 62 
0 
11 
58 
58 20 56 64 28 53 
48 44 58 
62 59 
24 62 66 
62 
22 34 34 58 36 0 
53 62 
59 
42 
34 58 12 
12 52 62 48 48 36 
59 47 
56 22 53 
3 29 48 48 58 53 
34 
53 
22 22 
48 55 58 0 
53 
14 14 14 
16 47 
20 19 18 64 
1 60 52 21 52 
64 47 
53 56 
53 
58 25 57 51 1 
52 56 
59 
48 38 
58 28 1 30 54 48 
52 52 58 0 47 
31 20 56 62 
58 53 0 
30 53 18 3 
65 
4 
3 
59 
58 
21 58 
6 6 6 44 
31 48 
38 53 
23 47 
53 53 62 
56 4 
62 34 52 
5 48 22 
38 
41 
49 37 20 30 31 53 
50 48 58 
52 
38 1 30 38 
10 49 
58 8 
48 2 58 
1 58 53 
56 58 3 
42 20 62 53 27 
41 
20 53 
53 58 
0 18 22 
13 16 56 9 
51 
18 50 56 11 56 18 50 56 11 56 
53 
1 54 25 58 
38 30 
56 
11 43 
16 16 58 
47 
53 3 29 34 
18 53 52 53 28 48 
33 55 2 2 18 55 
47 14 48 53 2 
64 
47 6 
51 
22 38 53 62 
48 
3 
11 
4 
22 22 22 
58 59 1 
5 43 
54 38 62 
29 54 45 30 30 31 32 38 47 
38 30 53 5 
36 30 58 28 34 21 
30 45 16 53 31 
26 37 
38 47 3 34 29 3 30 
45 7 
53 20 58 
57 63 
30 
62 
44 6 56 
44 52 
29 31 48 22 30 
38 
53 31 32 18 
13 1 53 58 
17 36 
56 56 
43 
30 
49 49 
53 
57 0 20 
56 38 
59 
25 23 53 48 58 2 12 
58 31 12 
59 
39 
58 64 
20 58 53 
48 46 
45 
21 55 
58 64 58 
51 8 
58 20 53 11 49 52 52 
16 47 58 52 1 34 33 34 
22 45 40 58 12 65 0 52 33 40 
52 58 18 
0 11 29 34 17 53 47 
58 23 0 53 
34 36 
20 58 20 
52 
30 
36 48 
3 
11 64 
49 0 46 34 23 
18 32 33 36 
53 61 45 
59 
53 
12 19 33 34 
48 28 1 30 
59 
62 49 62 62 
58 
43 29 0 41 7 49 
17 0 
1 31 31 29 30 38 49 
57 29 34 31 32 45 
13 1 
47 43 
25 
34 22 29 38 58 54 0 52 3 
1 58 18 28 34 48 
60 43 
34 23 53 3 58 
13 31 
58 22 47 
47 3 3 31 34 29 
53 
30 
58 62 62 28 56 
53 52 48 12 49 51 52 29 0 
58 64 60 
53 10 
6 
3 56 
62 33 
48 53 52 
48 58 0 19 
48 58 23 29 0 
58 25 12 1 
30 
56 3 58 55 
29 57 48 
0 58 25 16 16 
0 43 3 58 9 51 11 11 
59 34 16 21 29 21 26 52 
61 
10 33 
10 
53 44 58 
44 
1 58 36 16 
13 34 58 57 34 0 
44 
7 
47 
59 
6 
33 33 
3 53 
27 60 58 
58 2 57 16 34 
20 23 53 62 30 
53 3 45 
17 46 
66 
23 
34 19 57 57 16 57 16 19 16 
8 
30 
53 23 52 
39 
47 59 
12 53 33 52 1 54 16 
61 0 36 
1 65 58 57 
16 34 
23 18 
59 
48 38 28 
51 
2 
51 51 51 
58 47 62 
53 45 
45 29 11 3 53 
11 
34 22 20 22 
6 
53 
61 61 61 0 7 53 
49 33 48 27 30 21 
0 57 39 
40 30 30 45 38 6 31 22 29 31 
56 29 45 44 30 31 34 38 30 
29 30 53 58 0 16 
53 55 45 28 3 
0 25 58 22 
11 
53 46 61 
45 56 30 
56 58 
56 30 22 3 47 
62 27 
53 21 13 39 30 1 
57 33 19 34 0 
11 
59 
30 4 59 
8 
58 
58 
44 
45 
53 30 40 
62 49 52 
17 32 33 36 36 14 36 36 
30 
54 
0 34 20 
52 53 33 1 
0 58 49 49 49 49 49 34 59 36 35 
53 0 12 58 
7 7 20 27 51 51 
58 28 0 
8 
8 
60 
58 44 
22 39 39 
45 
38 
58 32 32 34 34 
4 
53 58 52 52 20 1 
38 
56 7 
62 53 58 38 
26 53 23 24 62 
65 
45 60 59 
41 
60 
18 23 51 64 
1 13 27 58 25 54 58 58 
58 62 53 
58 49 34 52 29 
0 65 33 36 65 
2 58 
34 25 
23 58 
34 22 58 36 0 
48 2 58 58 
57 48 31 53 
13 34 0 58 
53 21 22 0 
0 
34 
34 
22 0 
58 56 
53 23 56 13 52 49 56 16 27 
16 65 16 
59 
6 20 48 
5 
5 53 
5 53 22 
1 28 38 54 30 35 
44 
56 
53 
16 36 36 
11 
9 
22 56 23 38 4 
30 
11 38 
9 
45 28 54 32 31 32 47 38 30 
22 34 45 58 0 
0 25 29 38 32 58 
30 
58 58 
38 
34 29 58 45 0 
25 64 12 12 29 
53 58 12 
34 38 
40 44 
53 6 30 45 
30 44 56 
44 44 58 
49 10 
4 53 
58 
58 
58 49 0 
44 
0 45 53 58 49 
58 47 1 
6 53 40 
31 31 20 54 58 1 
4 24 56 
56 56 0 
23 0 
11 56 43 
0 51 56 
27 62 47 28 53 
0 0 
62 62 
62 53 58 
17 0 
37 
29 56 
33 48 58 1 
52 58 49 34 0 
37 
16 1 16 34 31 52 52 
41 45 
58 0 48 51 56 
11 
28 34 25 
36 
7 
16 2 48 46 
58 56 22 52 42 
23 
48 28 54 
44 38 39 
21 
59 
23 0 53 
11 58 48 3 
56 
27 
56 
0 17 49 39 55 58 56 
53 33 47 
53 62 12 
11 22 49 53 58 0 
34 
20 20 
22 
23 52 53 
13 52 58 0 33 
56 
1 
12 33 58 0 34 47 
33 53 65 57 0 58 
40 53 51 
37 
29 58 51 38 
38 54 36 
3 22 38 58 30 
6 6 
58 38 30 23 1 29 
63 23 24 
58 38 
21 
27 56 58 27 34 
48 38 45 
60 
29 53 52 1 
66 62 62 52 34 13 16 29 
0 49 11 33 36 36 58 
52 3 53 58 
11 36 
9 53 
48 56 
1 34 13 58 48 
11 16 
53 45 
5 
3 58 
58 56 6 44 24 
53 3 30 49 36 38 45 
53 4 
58 58 4 42 
48 16 
40 
43 
10 53 23 
43 
4 52 58 30 
22 22 61 58 25 
25 41 38 36 58 52 0 
1 65 52 53 53 35 
30 53 33 33 13 48 
48 58 0 49 
55 31 
53 
23 36 23 
45 
53 
48 0 
53 
1 52 34 19 
59 5 
22 27 
27 16 21 
22 53 0 34 
49 58 48 36 57 
5 53 22 
64 58 
47 
56 23 
0 53 51 
10 
22 
51 
54 
65 
53 36 48 
48 49 58 0 45 
2 
5 56 
47 62 36 
49 
30 
0 34 25 
45 28 
3 53 49 30 30 45 
40 
48 30 1 25 58 
43 4 
32 38 
66 63 30 23 31 
53 28 52 45 
25 
58 0 57 13 33 
53 38 58 62 
58 53 19 34 31 
45 59 
6 
1 13 58 52 57 
13 33 47 58 49 34 34 0 
6 
10 16 28 
53 28 30 
53 
0 33 17 
3 
62 62 62 52 
45 59 
59 
19 2 53 33 34 
58 22 53 49 50 34 0 
59 45 
42 53 11 0 
23 33 34 53 52 1 
53 33 52 53 53 53 
45 
53 
53 58 62 
5 
52 0 29 29 
6 53 
16 51 53 
52 0 16 25 31 
6 58 
26 58 54 
17 34 
54 13 1 58 
38 30 37 48 
53 
29 59 18 59 16 
5 45 66 
44 
44 
59 
30 
56 28 4 44 
58 
53 
22 
3 
52 0 58 23 
53 0 25 34 31 9 
39 
40 11 
48 12 
13 0 
4 30 31 53 
0 25 58 38 
47 7 30 43 38 
33 34 32 33 56 
56 45 45 30 29 32 38 30 
34 37 30 29 32 36 48 
53 30 51 45 
30 56 38 
45 3 28 53 
30 58 64 53 1 
0 52 48 53 
48 12 53 58 52 0 11 
10 
52 1 32 31 25 57 38 58 1 36 25 32 36 
53 20 53 53 
13 28 33 33 34 36 19 
30 30 
10 
38 
59 64 
16 58 34 33 58 34 25 
1 22 58 
0 49 57 34 58 
30 5 
53 22 28 24 
58 47 
58 3 
6 38 
53 58 
58 54 38 62 
58 59 
56 38 
41 
53 49 58 52 56 13 
53 31 12 0 31 
37 6 
30 49 22 58 0 33 
8 
41 
52 34 48 35 34 52 1 
57 58 0 20 49 49 
53 56 52 34 52 12 1 
53 16 
28 19 53 23 47 
39 39 39 39 39 39 
1 
53 48 52 
11 56 
38 52 55 37 
49 23 23 
58 57 57 39 31 34 
53 
31 
64 64 38 30 16 
53 5 31 22 
39 47 59 
53 
5 29 
53 
53 10 27 
53 25 61 
57 39 
62 56 
53 
52 49 34 34 58 23 16 0 
53 29 58 11 1 
53 
27 34 0 22 34 
20 19 53 39 
61 
0 25 34 58 
47 53 1 30 
22 58 30 
29 7 40 
44 38 
6 34 
58 4 30 
63 
58 53 38 62 
3 53 28 45 
34 30 44 37 
29 58 1 30 38 
53 
12 0 53 58 
23 44 
47 54 58 38 30 29 30 36 32 
48 30 22 0 
59 16 30 41 53 
31 
16 
64 64 64 
51 27 51 42 57 0 58 53 
11 56 
66 0 52 57 29 49 16 48 52 
0 58 48 25 49 34 0 58 48 25 49 34 
57 57 34 12 9 23 
52 27 54 36 54 48 47 
42 
59 58 58 
12 29 52 42 
20 66 66 2 
41 
53 
36 36 49 49 29 20 16 52 36 48 0 
60 
54 
57 52 52 52 52 0 
54 
47 
54 54 
56 3 28 
53 52 57 58 2 
58 47 23 61 
48 36 
42 
44 47 
29 
48 
49 
52 
4 54 24 
51 
59 
61 58 
44 24 
9 49 42 
58 3 
56 58 2 
66 
3 3 3 20 48 23 
56 21 31 
22 36 22 22 
59 59 
53 58 
64 64 
53 0 19 58 57 
53 58 22 38 62 
48 58 0 23 
34 31 45 30 38 6 
62 58 56 21 
26 28 34 34 32 30 38 47 45 
48 1 57 34 30 58 
0 58 21 38 16 
54 30 52 12 25 16 12 29 63 36 58 
45 30 30 53 
37 
44 38 6 
44 
53 
21 29 59 
54 42 21 58 52 
66 44 53 
10 56 47 
28 31 30 3 38 58 
20 
13 53 58 0 
11 
64 11 
3 
10 
18 0 58 53 
9 58 
9 
66 1 56 
16 30 2 
34 51 34 51 
0 29 54 59 
52 10 52 36 36 
44 
56 33 58 0 
13 
65 34 25 33 0 
17 0 
66 54 
20 29 32 11 
22 
3 
5 5 
46 
28 59 59 59 
45 
0 58 56 16 
58 42 47 47 
20 48 23 
22 
53 56 23 
17 48 58 0 
48 50 56 38 
51 33 58 45 53 57 51 1 
18 53 
23 56 
42 66 56 
56 61 61 56 61 36 56 26 15 20 
7 
60 59 30 59 60 
57 53 9 58 
66 
58 
34 29 58 0 23 53 
4 49 43 27 
39 39 39 39 39 39 
62 
0 64 48 13 52 
64 48 34 42 
55 13 58 52 30 0 
15 
43 
46 
51 51 
22 53 
18 
60 16 48 20 
58 1 53 
56 39 
29 58 37 51 
6 
22 44 53 20 
33 11 55 37 
48 58 23 57 0 28 
30 38 3 
56 
4 44 56 
53 
54 
54 1 30 25 58 
28 58 53 54 0 
58 38 12 53 
58 25 57 0 
6 22 53 58 
22 29 13 55 53 36 58 34 0 48 36 25 
29 53 
25 58 1 13 
30 
30 38 58 
37 
45 
20 53 
34 
58 18 
12 
4 
17 
64 23 53 
59 
3 30 48 
56 38 62 58 
30 20 
58 
31 31 
52 28 
3 39 
53 
20 49 33 36 
58 
48 53 0 
27 0 65 58 
0 17 49 31 
30 30 
43 
53 
0 17 33 
53 30 30 3 47 60 
59 
64 
1 31 31 56 36 18 
62 53 20 23 
2 36 13 52 36 
36 53 
56 62 
23 44 
0 52 16 20 23 
52 29 52 16 34 48 34 0 58 16 50 49 
11 
18 26 33 
39 31 38 
53 16 1 58 25 
38 
11 
52 58 53 13 52 34 
1 32 20 53 27 
13 53 0 58 
34 18 
53 21 3 42 58 1 
56 53 53 
34 36 
1 52 
22 57 27 
3 30 38 48 
2 44 25 29 
28 34 
53 58 12 31 0 
53 31 30 1 58 
0 53 57 28 16 58 
38 
58 0 
5 30 29 53 58 
43 30 
44 38 39 47 
47 
34 
58 47 47 42 
0 28 19 52 
30 58 53 62 
57 
30 25 57 1 
53 22 
45 
23 47 
53 
47 56 34 2 
22 
66 66 66 66 
40 3 
0 58 
59 45 
22 56 0 29 
11 56 
3 18 53 58 
58 38 30 
47 10 53 
39 39 39 39 39 
59 
7 53 61 61 61 
45 
34 34 11 
48 13 58 1 
41 45 
40 
19 58 53 0 
16 56 57 52 1 
47 60 
13 52 52 58 55 19 
30 31 
23 
56 
53 52 57 16 1 
13 58 53 25 57 
47 3 3 21 53 
6 47 
8 
53 30 38 
51 49 
11 49 36 
51 55 53 58 27 
58 25 
0 13 12 
16 23 58 
51 
58 34 
59 
53 53 52 1 
12 36 52 0 
53 51 41 62 16 
43 
13 
58 1 44 44 25 
6 38 30 58 
21 0 58 25 
54 44 29 31 32 30 38 
6 45 
1 29 16 32 22 
27 42 
25 33 1 30 36 58 
44 37 30 
47 
45 
58 37 29 34 52 12 30 0 
44 53 31 34 41 
44 
38 
58 53 
58 
21 56 
16 
32 58 20 
9 49 49 
1 2 20 53 
0 58 
23 58 57 64 
0 12 58 16 28 50 16 
58 
52 53 48 1 
32 
53 58 11 
11 
38 45 
53 34 30 25 3 
58 53 29 61 1 
45 59 
3 53 20 
24 6 53 
12 51 0 25 58 57 
66 23 18 
53 23 48 27 
41 
37 59 
37 65 58 
64 
38 58 64 
1 58 30 35 
53 0 17 
45 59 
47 
48 53 58 1 54 
49 58 34 25 0 
46 42 
58 57 35 1 
64 54 1 29 28 58 
18 53 31 31 31 48 
65 53 
58 
4 58 
30 41 2 53 22 
20 
33 36 36 36 
53 25 58 
60 60 
20 20 
20 
42 
9 
1 23 58 
52 1 54 
25 27 23 
52 58 47 53 48 
53 49 34 42 
58 
33 31 53 31 48 
59 
46 
53 45 22 9 58 
51 
1 37 52 25 
37 29 58 0 
52 1 25 
28 53 56 30 1 58 
45 54 30 
3 
53 45 
34 58 12 
46 
53 
65 
12 
56 62 
30 
29 52 1 44 
58 30 47 38 48 
11 
53 
53 
11 
47 40 3 34 
56 
17 34 0 34 
53 11 
58 55 53 11 6 6 
49 53 58 1 28 
23 
53 29 26 34 2 
56 58 62 
30 53 
53 62 20 
52 1 22 53 
53 51 62 55 57 
18 53 
48 
47 60 60 
36 1 
38 6 
53 
62 
25 34 20 
0 58 48 25 49 
57 57 13 16 48 
28 
58 47 
53 33 0 58 23 
7 
53 52 12 58 0 
0 48 
30 63 
23 56 0 22 52 
29 25 1 13 
20 54 62 
58 0 49 53 52 57 
57 53 57 51 22 33 
53 
15 
65 65 
22 
26 
56 20 
49 
2 
1 30 53 
57 58 
0 48 58 34 
8 
53 53 
46 
45 
59 
2 53 
58 25 0 29 
63 
0 52 33 49 49 
0 29 34 26 34 39 58 
53 30 52 47 38 
53 3 28 45 
38 56 62 53 
53 
6 
16 48 23 58 0 38 36 
54 48 
26 64 33 35 12 16 
53 30 
58 52 12 53 
53 34 64 36 
58 
53 38 45 30 
45 30 
36 36 26 0 16 48 47 34 34 44 
58 53 29 20 28 25 25 57 0 
41 
38 
33 49 56 28 45 
38 
59 
13 0 36 52 23 58 
34 
56 30 30 3 30 
48 59 
17 57 58 58 0 
48 45 57 12 53 1 
63 35 58 
30 58 29 4 32 
2 
0 9 52 
58 
53 
5 
65 
3 53 
19 33 34 
0 2 19 57 66 
44 58 0 
66 52 53 0 58 45 
45 
51 53 0 58 
13 1 
58 
55 66 
58 
30 
58 44 6 
51 49 34 34 
63 53 58 
6 56 27 
38 
48 0 52 39 31 
6 2 45 42 
46 46 
25 0 58 49 20 34 
13 52 53 54 52 26 1 
36 2 22 
22 
34 
52 
64 
34 57 22 58 3 
13 53 
59 
36 36 
49 
49 18 22 22 22 22 56 
26 29 52 58 22 22 56 
58 43 
33 56 19 
1 58 
27 
53 
58 28 
53 53 
3 
3 48 
53 
34 
22 
46 
12 
1 
13 0 58 14 53 31 
26 48 12 57 
53 58 62 
47 36 45 53 61 
59 45 
5 29 53 37 47 
48 19 58 0 
1 25 48 
55 58 32 
46 
48 48 16 58 
58 23 54 30 37 0 
47 58 
53 38 30 
28 16 53 
2 53 
53 28 3 3 
30 42 47 28 
53 21 3 
45 
45 38 44 
2 58 48 
58 11 51 29 48 16 38 
30 45 30 
58 38 30 28 
5 21 53 
62 9 
53 36 36 
1 56 28 25 
52 
53 62 56 
56 3 56 48 45 
8 60 20 53 
38 5 53 22 28 19 
48 57 0 57 
13 36 47 58 52 0 56 
38 44 62 
47 58 38 
30 
58 6 
60 
33 12 56 1 
53 52 0 
62 48 56 
65 65 
43 58 35 0 34 57 
58 25 12 0 53 
48 34 23 31 31 56 
57 46 
16 
55 16 
58 
61 0 
57 57 57 49 58 64 28 49 16 
13 58 0 
42 
52 
36 30 22 36 
53 61 
43 
48 58 23 
53 34 48 
22 65 
51 48 
53 
53 0 
16 25 0 36 36 58 
53 
29 62 53 
58 16 63 
13 22 58 9 
46 9 
56 42 22 1 58 
36 
30 38 3 34 
25 22 48 
58 
58 30 3 
56 6 
4 
30 30 0 25 
58 38 0 29 
28 
45 6 
29 21 22 3 30 
55 43 45 
53 62 58 12 
33 
34 31 34 34 12 25 58 
62 19 29 47 
53 64 
38 62 53 
0 13 48 57 58 
53 28 62 
6 44 
9 
20 56 
58 
47 
53 31 
53 
51 45 12 53 0 
62 47 
53 16 13 
53 56 
22 53 0 36 57 52 
46 53 58 1 
9 
52 56 25 13 33 1 
58 11 54 53 0 12 
58 53 
33 
16 
23 
53 
53 
18 56 
0 12 58 48 48 
58 12 52 36 54 62 21 
47 
46 61 53 
1 23 
43 13 2 58 53 
36 65 
53 13 63 23 
56 
28 37 30 54 
48 
53 
11 
52 
16 
33 57 0 34 
53 
37 
58 21 
30 3 34 20 38 
45 34 30 30 30 13 
45 
53 
34 58 48 
53 
53 
19 
47 
58 52 21 53 52 25 1 38 
3 45 58 29 53 
58 44 3 
56 11 47 47 
40 26 47 37 
41 37 
53 
30 
45 7 
59 
0 16 55 52 58 
57 56 53 58 20 16 1 
38 56 52 64 18 
23 0 57 57 53 
18 18 33 
40 
13 34 58 0 34 
33 28 64 
53 57 58 2 58 
3 30 58 38 
0 48 66 
54 48 51 49 1 
30 41 
22 53 53 
58 13 16 
58 48 
25 0 53 58 
56 66 62 58 38 18 
12 25 53 58 48 
0 58 52 52 22 
57 49 57 29 16 0 
58 20 49 49 
59 59 43 
0 57 52 
56 
51 
33 
47 60 
48 
59 
56 1 16 20 58 33 
56 
12 54 23 58 33 2 
58 53 5 21 
11 30 53 49 44 
47 
0 58 14 12 58 32 36 
0 16 51 49 52 
0 56 58 53 
59 
53 53 53 65 53 22 2 
5 
17 32 
48 
47 
6 
48 51 
47 
56 
6 6 
53 22 51 
65 16 18 33 53 
22 57 
33 
54 1 52 
21 0 58 45 
30 38 45 53 22 5 
29 25 62 58 30 
48 25 38 
45 30 30 16 53 
30 58 44 
33 52 20 13 48 58 
37 44 28 30 30 
4 
47 
30 45 38 28 
58 30 42 38 3 
6 45 56 
3 3 47 22 53 
3 3 44 
56 
62 39 56 
8 52 30 52 0 
53 35 16 48 1 
43 53 4 38 
61 61 38 61 61 43 7 
57 57 34 34 
0 34 12 49 58 
41 
12 44 1 52 
48 56 
64 30 56 38 
28 44 38 30 
8 
59 59 59 59 59 59 
25 64 
41 
58 47 47 
58 53 20 60 
9 
53 
30 30 30 30 
37 
53 0 52 33 59 49 19 
36 16 2 53 
56 
9 
61 34 53 22 1 
2 25 48 52 58 
34 
57 46 
18 33 
46 3 3 11 53 
0 61 57 53 
53 22 
58 23 
36 38 52 0 30 37 
42 0 11 52 57 48 52 
46 26 53 20 
59 59 
56 
59 59 
2 
54 13 36 58 62 
33 36 20 
0 52 66 16 
23 36 33 36 
5 58 53 
57 57 16 58 52 0 
48 
52 52 58 0 30 25 
48 49 31 23 
53 0 58 48 
30 48 
54 54 
56 
52 30 59 
53 18 58 0 
23 
23 53 
53 61 1 38 
56 58 25 0 
33 34 37 2 58 
26 29 36 30 38 44 45 
25 23 22 34 
1 54 25 29 30 34 34 58 
48 58 57 33 66 59 47 
28 30 37 43 
34 58 12 28 30 30 
37 6 
47 
56 38 62 
38 28 3 3 
48 52 
21 56 44 21 27 
53 44 62 38 
44 
43 30 
0 50 66 
19 20 20 34 23 33 
56 20 58 
56 
47 34 34 
31 64 29 60 
36 53 22 
58 38 56 
64 58 35 
53 
22 28 36 22 32 34 0 
49 58 0 
0 58 
11 47 36 49 36 51 
22 49 22 16 53 54 1 58 
62 48 54 
59 
34 62 58 
53 62 48 
38 45 53 
58 53 48 44 0 
53 
64 33 
45 
6 44 
58 62 
34 54 12 1 36 36 
58 53 30 22 
59 
58 
47 59 
58 52 52 57 16 57 19 34 1 
46 53 
47 
53 52 58 20 58 0 
16 36 36 34 53 
48 48 48 
31 46 
36 48 0 52 
53 30 12 58 42 
13 
53 14 11 
52 
12 48 16 16 
56 
3 
11 
65 
48 
19 
31 52 
45 
56 
18 12 
44 
51 53 58 
56 
49 
35 52 56 0 58 
51 
20 
12 
12 
33 
6 6 
31 34 
62 16 
59 4 47 
16 14 
44 22 6 
53 30 16 38 3 
12 54 47 47 1 58 
47 30 54 52 34 1 
53 
56 3 
42 
21 23 
53 
3 56 38 59 
54 38 44 62 
58 5 
53 53 62 
24 46 30 3 29 53 
58 53 13 1 
43 53 4 
58 47 37 
14 
34 18 
58 53 34 22 
3 53 
53 53 2 13 
49 49 
58 56 
52 
61 0 
1 
53 56 
53 21 1 58 
53 3 3 47 42 
57 55 20 28 56 
65 1 53 
48 23 26 0 58 
53 
8 
53 20 52 1 
20 4 45 30 38 53 
53 0 20 
58 30 38 
57 1 56 25 58 
60 
51 
3 48 18 
64 58 33 26 33 
33 23 53 48 57 
17 0 58 
56 56 33 27 33 
53 53 
56 58 0 
24 58 
53 28 55 54 
28 32 1 25 20 
34 19 
58 58 16 
52 34 58 
58 53 16 49 
0 56 58 20 
61 54 47 
13 0 56 
48 
0 61 
53 21 
53 
56 
3 55 
17 53 
44 
53 0 22 58 27 
44 63 
38 45 44 34 30 
58 44 
38 45 30 7 31 
0 58 25 47 
25 
58 
64 13 
57 
1 48 53 49 
5 
47 37 53 6 
44 
52 0 38 
53 13 44 25 33 38 1 58 23 52 
59 
47 53 58 48 49 
30 
30 38 
30 31 29 58 64 46 
47 58 53 38 30 
31 34 38 30 52 41 34 29 29 
64 
62 23 56 
34 1 58 
57 34 22 29 38 2 58 
61 
58 62 31 56 28 20 
61 
53 58 
1 51 53 57 38 
52 56 
30 
59 59 
59 59 59 
25 18 31 58 1 
53 4 47 30 
48 58 53 58 
53 
58 1 33 56 52 
16 3 
49 17 
16 16 16 16 16 
56 
60 60 47 47 
0 49 47 
48 55 48 61 20 
59 
58 3 53 
16 16 21 27 56 
58 
45 
30 30 30 30 30 30 30 
9 
0 17 52 34 52 41 48 
62 58 
28 58 
31 
53 
18 
0 23 36 58 28 52 
27 48 20 62 62 12 12 12 62 62 
18 
53 
6 53 
58 62 58 
5 53 
44 31 5 39 
0 25 9 
26 
16 
16 57 
62 56 
53 26 33 58 34 
58 
37 44 30 28 
30 23 53 47 49 10 
58 58 0 25 28 
33 17 34 0 
45 56 31 30 22 
44 
35 31 0 56 16 58 48 
25 
58 13 53 
1 1 
0 55 58 23 
47 16 29 49 36 31 36 36 
38 30 
62 38 53 
62 28 37 44 45 40 
5 47 5 
38 54 58 43 
53 62 
33 1 31 16 58 
57 
52 42 16 16 
36 44 62 
34 16 56 
23 53 7 
10 19 
6 56 
11 53 20 47 
0 
0 52 
53 1 58 52 58 52 
29 30 38 53 3 50 21 3 3 
4 4 
56 57 1 
66 66 66 66 66 66 66 66 66 66 66 66 66 66 
12 33 57 58 
58 30 38 5 
53 61 
37 0 61 54 34 58 
45 3 38 53 53 30 
11 
64 58 16 57 30 
53 57 10 58 
1 13 58 55 
53 54 
12 16 2 
30 
52 64 
57 31 31 31 58 
3 21 3 16 45 58 43 
31 52 62 58 
31 0 38 18 
4 58 5 
59 
30 
34 27 
23 
55 54 51 51 
4 
30 
3 39 
44 
31 58 
48 
59 
62 62 31 
52 52 
62 
5 
47 
64 
48 
66 57 1 52 52 52 52 29 
37 
62 62 58 28 
46 
51 20 53 34 36 
30 
17 0 48 33 53 
58 58 13 2 35 
8 
5 65 20 18 
60 
58 13 28 
44 
16 15 53 15 
47 
53 22 58 
52 
21 33 58 22 
13 
36 
63 57 
12 57 47 58 
4 
56 20 58 20 
49 16 57 66 31 54 58 50 47 
58 23 
49 
54 0 
49 0 52 57 55 57 57 58 
50 22 46 
56 
12 58 28 48 42 
1 50 27 58 23 53 
64 42 
6 45 
53 
58 
51 27 49 
4 
25 53 29 48 58 62 
1 58 33 
19 58 30 30 34 
58 31 50 31 
3 45 37 43 
23 
33 18 
53 
57 0 48 
62 28 30 
62 44 
59 
23 53 
6 
46 42 
31 58 3 20 
31 53 
56 30 12 58 1 
25 62 53 
1 
38 6 
31 0 19 
59 59 38 
53 11 
11 42 53 
36 16 58 0 
52 35 22 64 29 28 22 
51 0 48 58 
36 20 31 52 1 58 
28 56 
58 58 57 0 56 
66 13 66 29 49 66 11 
61 53 61 
48 38 
52 
18 18 33 36 
62 
36 23 58 1 25 
16 58 30 38 
35 53 58 1 
42 58 34 9 
58 1 53 
3 31 
58 44 1 53 21 
41 
42 24 47 
48 52 0 57 
53 
53 
22 29 53 1 
20 29 56 
48 54 13 48 
59 
53 0 34 33 58 
44 45 
11 38 62 25 62 
11 
11 
56 11 5 
48 0 36 12 26 57 52 
23 31 31 31 33 
37 
53 20 
35 53 48 
64 58 34 29 
23 19 0 
56 
47 
58 52 51 0 52 51 28 52 
2 34 
56 33 
48 
58 
5 
0 58 34 25 28 53 33 54 
63 36 
30 38 3 34 49 29 31 
0 36 58 16 58 52 
58 37 
52 25 1 
1 
1 34 22 53 38 
30 3 58 
24 56 30 62 
25 27 58 0 
47 29 58 59 
19 45 53 62 
37 53 28 3 30 
56 
14 
11 
17 34 
64 
11 62 62 
62 44 
53 48 46 58 4 
29 36 31 53 45 30 
48 53 
58 43 
48 33 34 1 
58 48 36 11 
11 
32 53 
49 0 58 22 18 0 53 
3 
53 
53 19 34 0 57 58 
0 14 58 53 54 51 52 
23 36 54 1 
56 0 58 
58 30 51 
33 
59 
56 
56 52 58 1 
56 27 18 58 62 
43 
48 53 56 16 0 
58 12 23 0 16 
46 45 
58 1 48 47 
26 34 20 25 42 
12 56 
53 20 1 
64 
53 58 0 57 21 34 
53 54 52 52 52 
65 65 
65 23 35 
53 52 53 16 
38 52 54 
64 27 42 
59 58 53 
58 0 22 53 
13 57 52 58 62 48 31 21 
18 
59 59 59 59 45 
17 35 12 25 58 33 27 
0 19 
23 58 34 16 2 
58 
48 
58 1 25 57 12 34 56 
29 33 22 58 62 
44 23 
53 53 16 34 
12 0 58 57 54 37 
43 
53 53 
64 58 29 
0 22 23 
56 24 
53 
47 
40 36 
45 55 30 8 
59 
58 30 38 42 
52 33 58 
58 45 
45 38 
30 53 
58 34 31 20 57 
56 
65 36 34 22 
11 
44 
57 
20 
8 
22 34 3 58 
11 42 58 53 
66 
33 58 34 
53 48 34 1 
49 34 52 0 54 
53 11 0 48 
1 34 52 28 53 
22 33 47 
53 53 36 1 
31 49 49 20 
11 0 
45 7 47 
48 66 58 
17 49 53 58 
54 12 58 57 
62 56 
13 58 23 57 0 
53 
43 7 7 49 45 49 31 
59 
44 26 45 
58 3 48 
17 3 
23 58 53 64 
38 
31 3 
53 33 
30 
3 53 55 27 
31 12 
30 
60 
54 51 
33 36 54 1 48 58 42 
41 
56 53 
19 58 0 
51 53 3 45 
0 53 58 
53 37 
38 
50 48 23 58 52 
53 6 31 
12 58 48 42 34 62 
56 58 31 57 34 62 
52 23 
65 31 34 
56 30 
65 56 
63 13 57 48 
18 0 
0 
48 
54 12 
9 
46 22 22 21 21 
58 48 22 
58 3 53 53 
12 54 53 1 58 
44 58 47 
56 7 58 27 
58 2 22 
54 52 27 
22 52 52 
0 28 58 16 
25 58 
53 
16 54 48 
19 48 27 16 
58 
58 38 3 53 45 
56 53 
56 
38 59 53 30 45 
29 58 25 45 27 0 44 
58 
5 45 
29 30 1 58 65 
58 1 
47 
58 56 0 
3 28 45 34 55 34 31 
6 
58 63 23 51 48 
30 38 45 45 56 29 32 31 30 
34 47 30 54 
38 30 
6 
16 
13 
0 22 23 25 
48 53 58 
30 58 3 
45 38 
53 
56 58 36 16 52 0 
53 6 
53 
57 58 27 57 23 64 
0 51 22 56 49 16 52 
52 52 31 52 1 
17 22 0 53 
0 52 16 57 49 57 
58 33 35 52 23 12 1 
49 53 52 53 1 57 10 
1 58 16 26 
22 0 53 53 
58 56 
6 
3 
34 
56 1 54 22 
0 22 58 
44 20 58 56 2 
27 1 56 33 
58 47 58 
53 
49 53 58 57 0 
58 1 25 56 22 22 
54 1 
56 2 
10 27 42 
1 51 56 
11 52 42 
37 
53 30 53 4 45 38 22 
16 12 16 16 
45 
17 53 0 
53 52 35 0 13 
54 34 32 49 33 1 
58 64 
1 38 37 58 
45 38 
48 0 
48 58 51 36 0 
60 
31 59 58 56 54 
2 4 53 
22 23 
59 53 31 
58 25 1 
29 
56 1 25 
56 56 1 
1 13 58 
58 12 23 
6 
44 
6 56 
53 11 47 38 
11 
58 
9 
54 47 48 58 23 36 0 
44 
54 65 16 56 
54 64 
30 12 52 
1 44 25 
33 38 58 1 
31 22 25 58 25 29 
28 54 30 45 38 3 
34 29 53 30 47 38 
6 45 
20 53 
24 6 53 
0 58 29 57 
53 58 25 0 
56 21 29 58 0 57 
6 47 
34 23 59 
49 
38 
53 45 28 38 30 
38 58 30 42 
58 58 58 
12 0 60 
36 34 30 36 
1 1 1 1 2 2 2 
61 53 45 23 56 66 34 29 
58 45 25 53 31 16 30 0 
48 48 34 0 45 
13 0 
6 42 45 
34 6 
25 1 22 29 66 
22 53 48 34 58 1 
53 33 
61 
56 53 56 16 
23 53 29 47 
54 6 
58 53 3 
31 38 62 56 58 
54 48 20 1 58 
53 53 47 
48 58 
53 58 
53 26 19 
41 
58 48 22 
0 53 
47 44 58 
53 52 58 
44 
34 19 49 12 52 52 
53 19 58 0 
53 36 58 
20 52 23 
29 52 53 22 58 
23 58 57 52 
44 
20 21 1 
23 58 
58 28 28 56 61 
48 53 
56 25 56 
0 25 52 52 
56 41 1 57 
43 6 
41 
38 
25 56 48 
16 27 13 36 23 
44 
60 13 58 0 
53 
46 
37 
58 22 56 1 
56 
11 34 33 34 45 
30 25 52 23 
12 20 34 
34 57 
16 16 16 36 
12 16 
29 33 
58 34 36 0 56 
59 
49 57 52 
23 38 57 
44 1 25 
29 2 48 38 
66 47 
38 62 53 28 
53 25 58 1 
53 29 21 58 38 47 
12 53 31 23 58 0 52 16 
52 17 52 58 53 34 2 
56 12 58 0 
58 58 
42 43 30 30 30 30 52 
38 
28 53 40 3 
36 57 36 36 36 
34 
22 
52 
48 
28 
29 53 16 22 58 
0 25 
58 29 6 38 
5 38 
29 58 23 34 53 1 
57 56 53 1 
34 
34 6 
9 
56 28 32 62 
1 13 57 53 58 
2 47 36 28 48 
21 62 53 47 
20 
0 
1 49 53 58 
53 53 3 
53 20 
54 29 32 31 34 30 30 45 
64 52 36 48 58 
53 52 24 27 13 
11 
22 62 42 53 31 48 62 
66 66 
48 25 1 14 
56 48 
24 
58 38 
45 7 
38 
17 54 48 52 1 
32 23 58 16 16 53 
49 0 
0 
49 57 
45 
54 1 53 
23 58 63 
0 34 48 23 58 33 
53 
58 61 53 
25 1 28 56 
46 
52 34 
19 48 53 58 62 34 
48 53 16 2 58 
13 52 
23 58 26 36 
18 16 56 
2 57 58 
59 60 
16 62 13 56 
27 43 47 53 52 33 
58 0 18 34 44 
49 
39 
30 30 53 
22 0 64 
3 29 58 38 53 30 
25 30 58 1 28 53 
6 45 
28 32 38 
44 62 62 
48 58 53 0 
56 
48 57 53 1 58 
59 56 
0 53 34 34 
30 54 
54 38 62 
29 1 53 57 45 44 37 
45 4 53 11 
53 62 62 57 
0 25 57 
38 47 53 28 
2 56 
43 39 
0 49 48 57 48 16 
19 36 58 1 33 36 
53 33 19 58 38 41 
54 30 36 
11 
22 22 53 
1 58 48 53 29 
34 
2 
47 47 
51 33 30 0 
45 0 53 22 22 22 
56 53 62 58 
58 13 52 25 34 16 36 
23 53 58 36 36 2 47 
45 34 23 38 0 58 
37 48 53 31 58 48 2 
58 0 57 34 16 
45 3 30 53 53 
58 56 
58 0 53 33 
38 
26 30 22 7 31 61 
31 33 13 52 49 51 
53 38 30 0 13 58 
45 42 53 
11 11 53 14 
1 56 56 58 
30 
44 
48 58 0 
56 
52 0 58 57 
58 22 25 57 
53 22 36 49 
2 34 
58 33 13 23 34 
53 46 56 1 
54 13 2 
62 58 28 57 31 48 
64 53 47 
53 58 
53 
44 58 23 
0 33 25 23 
52 58 
2 52 13 52 52 52 2 
44 59 
56 
51 
13 0 58 
22 
53 13 1 
30 53 58 37 
53 2 
45 30 38 4 
6 53 4 38 45 
36 
1 58 53 22 29 
21 29 53 
22 25 53 58 29 
53 58 25 64 
28 20 56 
11 
25 0 29 52 13 
0 53 28 58 
53 37 28 30 38 59 
7 
52 0 53 12 58 
56 29 30 36 32 31 34 
46 
56 
48 39 18 31 
11 
25 
53 3 43 29 21 49 11 45 
58 24 6 
56 53 
16 52 30 52 0 32 
0 53 
12 53 58 1 26 
47 58 47 
56 3 47 49 
20 53 58 0 
0 
11 58 34 
45 
24 56 62 
44 
43 
63 53 
53 49 11 
53 52 2 58 
28 61 45 
53 58 16 51 0 
52 57 52 52 48 32 35 33 1 
56 28 20 
38 58 42 
24 54 65 19 
53 20 58 0 56 
16 
0 53 
53 26 53 
56 46 36 0 52 
44 
36 53 36 20 
53 
59 
13 52 56 58 62 53 
53 19 56 58 1 35 33 
52 48 22 34 
31 53 18 49 0 38 
21 16 58 
53 22 2 
58 
58 66 
53 43 28 22 22 
56 
13 53 30 
56 62 52 58 
48 30 53 
60 57 42 23 
30 30 60 
59 59 59 59 
57 56 
22 34 2 
59 6 6 5 
53 30 38 59 
51 
45 
56 36 64 
53 28 30 43 37 
34 36 22 28 
31 
4 47 
24 
30 
46 
43 34 
53 12 1 25 34 58 
23 53 31 1 
53 28 58 53 53 1 
53 33 35 34 64 
10 52 28 52 34 
53 5 
45 
22 53 2 
38 58 
0 58 53 48 
29 53 3 58 
53 6 58 
64 58 57 32 57 
29 55 3 48 48 45 37 
8 
21 21 32 48 
44 
53 52 
10 
45 
29 51 49 3 
62 53 
56 59 
46 
64 57 34 34 
31 48 12 3 
52 
30 59 
55 1 30 45 
56 
56 1 
39 
53 56 
65 
60 20 15 48 2 48 56 60 1 
0 56 58 44 
16 
47 
37 
18 31 
58 
59 
53 58 7 
31 
39 
50 
52 20 
39 39 
58 
35 
43 
51 30 31 36 53 
57 23 53 58 51 
22 
52 48 1 34 
46 
22 19 53 16 52 41 39 
43 
1 54 58 55 16 33 36 
36 53 48 0 57 33 52 
54 13 30 48 23 
54 62 58 
23 53 23 58 
33 25 58 
0 34 31 16 
53 52 12 12 
31 36 19 12 61 58 
55 22 39 52 32 
16 52 25 62 22 13 29 33 45 10 
36 58 64 
17 
47 
52 36 48 61 0 36 
47 
25 51 51 34 58 1 
11 
34 28 3 38 
31 18 
58 62 18 34 
56 54 56 42 
53 25 
48 38 
0 25 58 
52 34 1 58 
53 58 12 0 
34 30 58 29 1 
53 25 44 0 38 
53 0 44 25 27 38 
22 29 48 40 
22 38 58 0 
0 53 58 28 33 
32 53 1 32 
42 30 58 38 
63 
47 
44 
29 31 30 53 
16 
53 
49 53 0 58 
30 1 52 25 
53 44 58 7 
37 28 30 
25 32 31 2 58 
0 53 58 
38 3 56 58 
0 33 13 49 29 52 57 57 
58 64 23 59 
43 53 
45 58 
3 1 53 
57 49 48 22 0 58 
28 62 36 53 
36 62 
53 19 23 22 62 
0 
44 
25 13 33 36 58 0 
62 34 24 48 
28 1 58 
0 
58 47 29 20 52 56 28 28 
59 
53 1 58 
56 66 
41 
30 30 28 39 38 3 
6 53 37 
38 1 12 53 
36 48 48 0 45 
53 3 31 2 
53 
56 61 62 
44 
56 1 33 58 48 
53 0 25 23 
33 31 
34 53 62 25 34 
20 56 1 
3 38 52 12 53 27 
56 57 61 
22 53 46 
65 62 
36 
53 17 47 
34 31 27 
14 
5 5 
53 54 58 1 12 
3 18 53 48 58 37 
12 
53 37 16 36 36 48 9 
66 32 66 
18 11 53 0 
57 25 
30 22 53 3 
34 53 47 53 52 
64 
1 48 30 48 
0 53 20 34 22 33 58 
56 47 4 
13 33 48 57 58 0 
58 47 47 42 
53 49 58 62 
56 
12 
33 36 31 16 24 
53 26 6 38 28 
23 56 58 33 62 58 
4 22 32 38 45 
38 63 53 
58 30 29 31 38 
38 7 
56 25 58 19 0 
53 56 3 58 
54 30 64 
37 28 53 
56 1 58 
34 37 3 29 
20 58 
53 
6 
63 23 
17 53 62 47 
58 24 27 64 41 41 
53 30 22 
30 
47 45 58 
34 2 58 
47 39 38 60 
44 
42 
20 28 34 52 16 0 58 
4 
52 33 23 0 
18 53 49 29 0 58 
38 45 45 3 3 49 53 30 
58 0 52 53 34 25 
36 58 0 20 
0 
47 52 49 54 53 
48 58 
53 44 42 66 
16 
53 61 37 38 
51 0 49 29 
48 0 58 
0 58 54 20 
53 34 12 58 0 38 
26 5 54 
59 59 59 39 62 
25 20 52 28 53 
41 
51 38 42 
34 22 
57 2 
49 33 
65 28 52 
46 48 46 53 56 
48 51 53 52 36 23 54 
53 52 24 13 58 
8 
57 46 46 
34 54 12 16 52 58 
56 13 61 
58 
34 
58 54 58 22 23 32 34 23 28 23 23 
59 58 
5 39 31 
6 53 
18 23 31 53 
1 58 48 
64 53 16 
11 
38 
6 
56 
56 58 
25 2 12 53 47 
53 48 31 1 52 
19 1 34 48 
53 3 
52 54 30 25 64 
57 1 57 13 41 
36 13 36 33 58 0 
25 
0 53 22 
23 43 42 
28 56 
44 58 
38 
29 54 34 31 30 38 47 
45 5 
30 25 58 56 1 
30 47 59 
4 53 
53 29 30 45 30 
58 56 0 
27 58 56 28 
53 1 25 47 
42 30 58 
45 48 30 58 
38 
18 36 
59 62 44 
59 
53 64 58 51 
0 49 19 
48 48 48 34 58 1 
53 25 34 58 52 1 53 
64 58 
28 28 55 32 31 
6 45 
31 32 62 
36 
56 24 62 
30 
44 
39 
55 
9 1 
66 
64 
48 31 27 56 1 
58 58 53 
54 51 0 53 
49 0 
45 53 14 19 3 
55 52 52 36 55 0 
14 
53 31 20 0 58 
53 38 27 59 5 
43 24 
13 48 58 36 55 25 0 
53 
8 
59 
23 56 53 
30 39 5 
43 
38 48 56 25 13 33 
53 62 
39 39 39 39 
28 20 1 53 44 47 
45 
56 53 58 
7 34 23 16 34 57 
57 46 
1 20 
58 53 23 36 
56 
20 6 28 13 
65 3 
30 6 
52 52 58 25 
29 53 3 47 
49 0 52 57 49 0 52 57 
64 33 16 58 53 
58 16 27 
33 57 62 53 12 
56 25 53 47 54 0 
47 
25 12 58 53 
47 58 1 53 
56 58 44 62 
18 36 36 16 27 
38 
1 14 16 16 53 52 
34 
59 
36 0 
53 
58 
59 
33 
30 58 13 23 53 
66 13 66 
1 2 58 13 33 
53 
33 
56 56 62 
22 36 
48 25 31 16 
53 
16 
56 
48 
44 38 41 59 
58 
34 35 53 
12 
53 54 58 29 
4 45 
54 58 25 0 
6 44 
45 38 
58 55 22 29 34 53 
12 33 34 23 49 
64 
53 1 58 
25 63 30 58 29 48 21 53 
38 44 30 
38 
20 58 1 53 
25 38 53 58 53 
53 38 44 22 59 
54 33 58 1 33 12 34 
0 53 29 
0 58 53 
53 58 1 53 30 20 30 33 57 34 13 
50 1 
61 
47 28 
55 
6 45 
20 36 53 3 
44 53 20 62 
34 22 49 
58 20 53 59 47 
54 
11 
53 64 
64 58 1 57 27 42 
53 36 58 25 1 64 
53 42 62 
29 21 31 58 0 
47 43 
53 55 6 
47 
45 
20 56 
41 
18 34 
58 38 28 22 1 34 48 
20 52 53 43 
44 
43 
58 47 53 
36 
58 
16 16 
62 
64 10 33 36 
12 56 58 1 56 
53 45 3 22 
48 58 54 
56 
8 
27 31 26 49 
58 62 10 
59 
44 
53 11 
56 
49 25 57 58 54 54 54 
34 16 58 2 52 31 
28 53 34 
20 51 
65 
49 34 58 0 
53 
53 13 62 
56 62 
62 53 
22 24 53 1 
56 38 
38 45 5 30 
19 21 58 45 
0 53 58 43 43 
29 30 30 58 1 25 
33 12 38 30 
14 14 57 
18 34 
11 
12 
47 30 
56 58 
58 1 56 56 
53 55 45 28 3 
38 52 
58 0 44 25 23 
58 
38 
60 60 
42 56 11 
30 38 
53 
6 
8 
28 62 
28 64 
36 9 42 
53 
58 53 
52 22 36 48 2 53 58 
12 12 12 0 36 34 
66 34 47 
53 58 1 28 
56 3 45 61 
53 
58 
64 57 52 52 13 36 
62 39 
9 
30 
30 54 54 48 58 25 
43 
38 
53 1 29 61 
56 66 66 66 
56 44 6 30 27 20 
24 
58 
37 
43 
34 34 52 
58 
20 1 58 52 57 
1 49 48 57 55 29 58 
53 53 46 
16 53 58 16 46 14 46 16 
48 34 16 57 57 0 
53 1 58 
51 1 58 25 
12 
36 36 36 
58 
34 57 11 
56 53 
44 
62 58 47 
57 23 53 52 20 16 
58 48 56 
36 18 
7 
16 33 1 52 48 23 
48 58 34 
29 
17 22 46 
41 
20 28 
65 
53 
51 
2 12 58 
28 21 51 34 
1 38 
53 48 1 
47 44 6 
38 26 
58 30 
47 54 30 29 36 
13 52 58 1 48 31 52 
58 0 28 53 
58 38 29 16 47 3 
28 21 53 44 37 4 
63 53 28 22 33 
52 2 52 37 
53 45 3 
56 
56 
53 29 46 
1 56 53 3 
56 
49 53 65 
52 
22 
58 12 0 
56 
4 
0 49 33 
4 53 53 
58 44 
13 28 48 62 
47 
29 58 33 57 10 
56 25 53 58 
58 
36 
36 49 1 
58 64 
40 30 
4 53 
9 49 49 
47 36 58 48 
53 20 58 
6 45 
45 6 53 28 
1 58 34 41 13 
48 48 64 
53 1 25 58 38 
33 34 1 30 24 38 
56 0 
52 
5 8 
1 48 28 53 58 
46 53 48 1 52 12 
58 57 36 48 51 
61 
53 51 
59 
51 
53 
22 36 
22 
57 57 57 
18 
43 
57 44 66 66 66 57 44 66 66 66 
58 53 19 16 0 56 
31 23 
38 45 30 22 53 3 
57 57 57 53 
36 36 36 33 36 65 
56 51 
58 
2 
12 57 53 2 52 58 
12 58 53 1 
58 56 
59 53 26 28 
36 
20 
23 
53 
34 
29 33 
58 53 
62 56 
21 53 58 
47 
47 52 30 
6 
58 34 56 12 1 
45 55 59 59 
58 42 
59 48 41 
58 58 
5 30 38 53 
4 45 53 40 
58 56 23 
22 54 0 58 
3 58 
36 26 
29 32 53 45 40 30 3 
53 24 0 
58 
25 58 
53 30 58 2 56 
3 53 51 38 58 45 
45 3 
22 
43 4 5 
56 44 38 62 
12 
58 38 18 56 3 
21 18 46 
14 
56 38 30 59 
58 
44 42 59 
34 
48 
17 
29 
23 63 
38 
12 53 58 33 1 
21 23 25 44 1 
53 
6 6 40 
53 52 30 45 
21 53 
13 31 53 36 56 
53 
34 52 13 1 
49 0 53 36 16 
48 53 
13 58 51 26 38 
29 56 58 0 57 
44 47 56 4 53 
38 53 52 1 57 16 
34 26 29 22 
58 
50 50 
64 
59 
19 35 53 30 30 30 0 58 36 33 35 35 34 34 
52 1 58 31 19 34 
5 44 
56 
13 53 31 34 47 
64 53 
63 25 
53 13 58 0 23 
56 23 
0 29 52 53 
0 
21 55 56 
53 3 58 
30 
28 48 56 56 30 
14 
2 20 53 58 
30 5 45 
49 58 25 
30 5 58 47 
64 48 
10 49 
47 47 29 
53 7 
58 66 47 23 
45 30 37 4 
8 
10 58 42 
45 37 3 30 
56 39 
48 0 38 53 33 
64 53 57 23 58 
19 53 52 52 1 
16 58 36 48 54 
19 34 34 33 
16 33 53 11 52 52 52 57 
11 
54 44 33 54 13 
22 36 
27 34 
53 
13 32 34 39 52 
6 
11 
36 36 
34 34 
11 26 53 
58 56 35 
36 32 52 58 0 
59 
29 8 
49 
34 
49 51 51 
11 31 31 
46 
54 13 
48 31 23 25 2 
12 49 34 
58 
25 19 57 58 
57 
49 
44 
2 53 58 27 
38 
53 48 
38 53 58 13 62 
58 
25 30 29 58 
58 53 28 54 0 
38 30 45 54 4 22 
53 58 
25 0 21 58 
58 53 
58 25 29 36 22 0 
30 31 32 30 29 56 38 45 45 4 
22 53 
25 23 44 
53 0 28 
29 3 53 37 58 38 
14 34 
38 53 
48 38 52 47 
30 42 
29 16 
10 
2 52 31 31 31 31 31 
58 44 53 58 
28 32 41 3 
6 45 6 
47 
13 53 57 58 25 0 
56 26 52 
13 59 18 29 53 
53 18 53 
47 
56 
53 52 1 58 
0 52 58 38 29 
56 61 48 
52 1 19 33 
62 19 32 58 53 
25 54 58 58 
58 56 
48 48 0 
8 
2 13 48 52 
57 58 2 34 19 
48 0 57 38 58 49 53 
29 48 
53 20 48 
36 34 19 58 57 0 
62 
11 
37 
58 48 52 50 
9 49 
7 
47 
58 53 58 48 29 40 58 53 47 
41 
58 28 56 56 
62 
47 44 42 
61 58 54 
33 55 
23 
52 
56 56 
53 1 57 58 44 
0 53 58 17 
45 0 19 53 
36 58 16 13 62 33 
7 
11 
53 56 52 13 62 58 54 
53 52 38 58 
16 56 19 
53 23 46 
57 
58 34 
31 55 4 
34 
56 
58 
34 58 38 19 23 1 
8 48 
17 14 48 31 53 
62 21 56 38 34 34 
58 56 52 53 62 
58 12 53 0 
1 53 48 48 
53 13 25 14 52 34 
44 
53 48 58 
53 1 58 
58 0 48 49 12 52 
62 
34 
18 
34 1 23 
54 27 
34 34 48 1 53 58 
54 64 
37 45 
38 58 
26 14 54 36 
51 34 57 53 31 
53 1 28 58 
58 28 21 53 0 
29 36 31 3 30 47 56 38 47 
30 56 38 
28 
0 53 58 38 
56 1 16 58 
20 31 
63 
34 30 16 31 29 
52 
56 66 66 66 48 66 66 58 
41 
48 34 0 
38 1 25 53 
64 58 
11 
45 37 59 
29 62 16 62 16 29 57 62 62 42 66 
60 60 
58 64 
5 38 4 45 30 
44 12 0 25 
34 
58 1 25 56 34 34 16 31 
20 48 29 
3 58 
11 58 
56 
56 57 0 58 
58 30 53 62 20 
52 58 18 53 
59 58 55 54 38 
37 
48 26 57 
53 20 
35 2 58 52 56 
0 53 48 35 52 29 
52 29 52 26 33 33 0 47 
56 13 
29 33 4 54 34 56 53 36 57 18 11 34 
53 62 58 
63 53 58 
25 58 34 34 35 55 64 13 
0 31 
11 11 
56 21 58 
31 52 58 33 22 
58 48 1 
58 48 48 
65 1 
34 33 34 12 57 36 58 23 29 33 
48 53 
52 12 
13 0 34 34 23 58 
33 21 53 
31 20 
56 16 
53 65 
53 
47 
42 43 
42 46 
11 
44 
4 21 53 45 
53 48 
0 53 34 34 28 58 54 25 
14 64 
25 58 1 28 36 
53 0 25 58 
37 56 28 
34 0 30 33 
43 
58 3 48 48 
66 48 62 58 48 
25 28 53 0 
48 
29 30 44 
52 30 42 
6 
44 22 0 25 23 
29 53 0 23 
6 
46 58 25 28 
36 22 53 
46 20 
29 4 53 
48 48 49 34 58 
34 52 57 12 58 
22 56 48 58 0 
47 30 38 22 53 
52 53 1 48 58 
58 23 56 29 53 1 13 
58 49 
52 48 48 1 
62 53 
0 22 28 29 
31 53 62 43 
33 16 0 34 58 
40 38 5 
32 53 19 1 
63 47 53 23 48 56 56 
53 39 
49 1 57 34 
64 53 47 38 
23 48 28 53 
4 61 0 58 56 21 34 
1 7 58 
19 34 34 31 62 58 47 
53 6 
52 30 58 0 61 
62 53 
53 22 62 
25 1 
38 47 44 45 30 53 16 
4 36 29 45 
41 
56 26 
30 45 
45 
30 
34 47 62 
36 33 13 1 36 36 
45 2 53 55 41 21 
12 1 48 
44 28 30 
58 57 33 
20 58 
51 
17 
0 43 31 52 52 
47 
56 
8 
45 57 63 
29 58 41 1 29 34 35 33 
58 11 48 
48 50 50 22 22 58 2 55 
18 31 58 2 
48 0 58 
25 57 58 34 
48 53 47 65 
36 
63 47 
63 42 44 
20 57 32 58 
41 
58 53 21 
58 3 56 
56 25 0 58 
19 0 44 25 
0 25 53 41 
51 52 31 
44 38 3 
25 23 0 58 30 
37 47 30 30 53 28 7 
30 30 58 25 16 53 
56 53 45 59 38 31 29 30 30 30 
51 44 28 
53 0 28 25 58 57 
44 47 36 36 22 56 1 
53 23 49 29 52 
29 20 0 61 53 
38 47 58 56 22 
48 35 57 55 27 53 1 
44 6 
52 58 19 52 
64 57 29 65 
58 56 
53 34 31 22 58 44 5 38 30 
52 0 55 53 20 54 
32 36 2 53 58 
20 28 3 55 
0 48 49 36 58 48 
63 47 58 53 30 
21 52 25 53 58 
42 53 22 37 44 38 58 52 52 0 
53 18 49 36 49 48 
53 21 62 
62 38 53 
62 44 
53 0 45 51 
48 58 42 66 
19 8 0 
23 1 58 
59 
33 0 50 34 33 54 36 34 
55 58 1 
53 63 58 43 
30 33 20 
56 42 
41 
13 51 56 1 57 34 
56 
13 
12 
56 0 
11 
45 
20 2 
53 53 58 16 1 34 27 
58 53 1 16 57 
38 
32 34 30 19 56 58 25 57 
20 56 58 
5 
61 
47 1 53 
56 52 
58 20 20 50 53 48 
0 23 50 33 41 
20 36 2 48 
4 45 
34 16 58 55 57 0 
38 29 3 38 
31 31 31 31 53 
52 
58 
34 16 
12 
64 47 29 
54 1 29 13 
16 1 53 
47 
62 
53 
20 
11 
38 53 58 
56 
29 16 52 58 
65 
12 
16 53 58 16 57 25 33 0 
38 56 13 
1 58 25 56 
38 
40 
30 28 44 1 
56 13 53 
44 38 
44 52 0 25 58 
58 38 
56 38 22 53 48 
53 30 30 30 
38 44 30 62 
34 34 34 34 36 23 
1 38 30 13 16 36 
47 64 64 42 
58 29 63 
34 
58 28 34 34 
38 
58 34 16 
56 23 45 
30 30 30 30 38 63 
62 22 
38 30 30 12 53 
29 53 38 3 
2 23 58 53 
38 34 
36 2 
13 44 28 
33 62 52 34 51 13 13 36 
53 56 
56 
29 48 53 
56 10 
20 48 66 2 
58 64 48 
0 48 58 57 
0 58 
47 
12 53 56 45 0 58 
64 53 
53 
58 
58 29 53 
23 58 64 53 
59 
16 
19 0 53 58 36 
58 54 20 
58 36 
48 54 25 
53 64 27 
0 53 33 19 
56 62 
44 
41 
30 58 34 48 0 
53 
11 
0 58 48 36 16 34 57 
57 
1 16 58 20 32 56 
16 
13 58 15 46 53 
1 25 58 13 56 
52 23 16 25 
53 53 
53 58 62 59 
20 20 20 
56 18 3 36 42 
4 
48 58 
29 29 49 12 25 58 1 53 
20 
8 
38 6 56 
0 52 53 36 
16 58 42 
30 38 40 47 
42 38 45 4 
58 25 42 
2 56 
37 45 42 58 
41 28 30 
32 
0 57 28 53 16 33 
33 52 34 3 58 
48 37 28 30 3 
58 48 53 25 16 16 35 
58 2 20 20 20 20 52 
58 3 29 45 42 
1 31 23 47 
56 58 62 
4 22 29 21 30 38 
0 58 53 25 
30 38 58 52 
49 34 
1 34 12 53 33 58 
37 64 
53 
18 
59 
38 37 58 25 64 52 
34 58 30 28 
16 16 16 58 16 16 16 16 16 
52 53 58 0 49 53 
11 
1 32 52 25 
11 58 34 53 
56 
25 0 58 
31 
51 28 
53 48 
43 31 13 53 0 22 52 
3 51 51 
62 60 53 
44 52 
8 23 
48 51 
52 58 64 48 58 
28 53 54 57 
53 
20 16 29 33 0 
30 52 
62 25 33 
28 64 19 56 
28 56 58 7 
9 28 53 39 
14 
18 
3 
52 52 51 48 51 51 58 53 51 
51 31 0 47 
58 34 22 29 
47 47 58 
48 50 56 53 53 53 
56 31 46 
13 53 0 32 58 
34 2 58 42 18 
48 58 22 
52 58 56 0 54 
56 18 66 
53 49 58 
24 7 
56 62 13 
53 23 52 57 58 
23 30 31 58 32 
53 58 13 2 0 
16 16 22 42 
56 33 
12 18 14 
44 
14 49 16 59 52 53 
65 0 53 22 34 
33 45 
22 18 
26 36 34 
64 10 36 
47 
58 31 5 
53 58 
58 16 49 57 23 58 16 
53 
36 26 
20 
58 
30 20 49 
59 59 
56 51 
28 62 53 58 
30 20 39 41 
44 
65 1 58 
53 58 28 34 54 25 0 57 
38 3 56 44 
58 34 61 
58 30 38 30 
44 
53 30 16 45 
33 
38 
0 56 38 48 
52 58 12 1 53 
11 36 
44 45 38 
61 30 
12 53 58 1 
56 4 
62 62 47 
16 48 
31 48 18 
64 
64 36 28 53 58 
7 38 54 47 
20 13 3 56 58 
10 
53 58 38 
13 
26 53 22 56 28 
53 64 
53 56 
56 62 42 
25 33 2 
3 
58 
53 3 
47 0 52 25 44 
12 
11 5 20 44 
53 11 61 34 
54 20 30 2 
33 61 58 
48 58 52 65 0 
48 
8 
59 59 59 30 65 
47 
53 16 53 52 
25 57 58 54 15 54 
53 47 
20 62 
3 21 53 34 
43 
56 
13 
52 48 51 52 53 0 58 
53 58 1 49 23 16 
64 58 23 53 28 
13 13 53 
59 
53 25 13 0 
30 
58 44 
4 
45 33 58 48 0 16 
28 53 
49 19 34 
23 26 25 36 
30 
51 52 48 33 3 
53 53 18 18 
4 
56 23 53 58 
46 36 
64 48 58 
58 36 53 18 34 0 
58 
20 26 58 53 
20 
65 1 58 
7 45 
15 0 57 57 
44 1 34 20 
53 19 2 58 
33 33 
23 
36 
54 
56 
33 32 36 17 0 
16 12 16 57 58 
53 4 30 28 37 
34 57 0 13 19 44 
63 
53 52 29 45 5 
1 31 31 31 31 29 49 
3 40 44 48 28 
30 33 28 52 52 58 0 25 
31 53 30 23 25 
62 30 44 38 
56 16 26 
53 58 0 26 36 36 29 
3 53 38 45 
58 31 58 22 22 22 58 
44 
20 
19 
34 
59 
0 58 53 22 13 16 
45 53 27 7 
53 23 52 
53 48 0 16 58 
56 53 
56 52 7 38 
12 34 49 0 58 
3 30 31 47 58 34 
37 5 53 
48 39 53 
52 48 48 22 52 1 
62 62 54 20 
58 
47 30 47 53 38 29 34 31 
2 62 28 36 
58 
2 52 48 16 
58 12 64 53 
56 58 
55 53 
58 
64 
64 28 57 55 58 
64 34 58 34 
28 53 58 64 
11 53 
44 
27 2 21 
49 33 10 10 27 
38 
64 58 12 52 
56 62 62 27 
20 0 
23 
3 6 
47 
53 4 19 
53 28 
3 
56 
1 56 
58 62 20 
45 
54 
56 58 63 
34 34 53 14 
0 31 31 31 31 52 16 
46 
7 32 53 
57 54 16 
12 0 46 33 53 
23 12 47 56 0 58 
18 53 58 
6 62 
0 
36 
7 
47 
48 48 23 58 13 62 
58 53 0 48 
58 1 42 
58 53 26 
53 
22 53 
53 28 3 48 
16 47 16 
53 66 
13 53 43 
1 52 52 12 53 
18 
11 
30 30 30 30 30 
51 34 58 26 38 0 
0 65 57 57 
53 0 13 16 16 23 
10 48 54 
62 
11 53 
0 18 33 34 56 
51 
54 48 
12 4 53 
0 28 53 58 25 34 54 
16 55 44 31 16 55 44 31 
53 13 62 58 
44 
53 30 53 
31 36 34 0 53 58 28 
12 30 57 
53 28 4 
56 44 
21 58 
53 0 22 28 30 
53 30 38 44 
25 38 33 34 28 56 
57 3 51 37 58 
42 56 3 
28 38 30 
29 22 22 16 0 31 31 31 53 
16 25 36 44 0 
56 
45 
19 53 62 58 
53 58 36 
38 45 29 53 
2 66 66 66 53 53 
48 62 25 58 34 
29 31 34 32 56 30 47 45 
33 27 22 
53 21 30 
1 57 53 58 16 35 
1 12 29 34 
9 9 53 
28 39 53 
23 
32 64 
30 
65 
10 
30 28 
30 
58 18 57 0 
53 
23 62 53 
16 
30 
52 0 34 48 58 
53 21 34 31 
56 2 49 52 42 38 
19 32 36 58 
7 49 34 43 
21 16 56 15 29 30 
58 20 16 1 
59 58 
48 0 
56 
62 18 56 
7 
49 4 45 
52 56 1 58 
56 
18 
31 53 58 32 51 48 22 
58 
34 
44 34 58 
53 
13 52 52 1 
59 
5 
53 12 36 
62 56 
53 49 62 
6 
56 54 56 58 
43 
56 12 
62 34 48 
58 
36 53 23 9 
47 
6 62 
53 
16 36 53 3 
51 
39 
16 
63 53 
21 36 42 
55 12 58 0 
33 28 28 29 61 49 61 
41 
23 2 31 33 
62 56 34 33 44 
63 54 53 13 
31 3 53 58 
52 48 56 0 58 
53 
2 48 53 58 
37 56 7 58 
53 
15 11 
20 
23 
48 
53 
0 49 34 56 10 
32 58 22 22 48 
47 60 
22 1 58 31 
6 6 5 6 48 45 
31 52 52 12 48 2 58 47 
48 
52 58 
47 53 
16 16 16 16 16 
15 16 16 16 16 16 
56 
33 33 
59 59 
24 39 39 
24 39 39 
58 42 11 16 
53 
56 
58 1 25 37 
28 30 30 34 38 37 
25 53 58 0 
45 3 
12 58 3 53 
58 56 25 30 1 
20 54 31 20 52 0 
36 61 14 
27 
45 11 
18 62 53 
56 58 62 
53 29 22 22 45 
34 
53 48 47 58 
26 6 47 
6 45 
0 53 25 58 
28 22 0 15 53 
38 21 56 57 3 38 21 56 57 3 
53 1 17 34 
6 53 45 
57 63 19 19 
53 
48 58 
58 51 33 49 53 0 
38 53 
38 25 59 47 
59 59 
48 48 58 58 0 
55 49 30 47 29 62 
34 11 
54 48 57 1 
62 54 58 
6 53 
25 64 58 
66 
8 
48 52 51 57 57 2 
0 23 
31 
56 58 56 62 
7 
62 
3 49 53 66 58 29 22 0 
64 
51 
10 
58 47 31 62 
38 44 
48 48 
2 44 34 54 52 34 
48 58 1 
53 
56 44 
52 23 26 56 
53 22 
42 
54 4 
0 58 34 51 48 
53 58 18 31 36 0 
41 
47 
4 
56 31 
48 34 53 58 1 12 
56 37 45 54 
23 53 1 65 56 22 53 
33 34 1 58 23 
59 42 
53 28 56 62 
53 58 20 
48 
1 57 49 56 2 54 
50 53 58 64 
16 34 
58 53 
53 47 11 
51 53 2 58 36 
47 58 54 62 
30 48 2 58 
11 
11 26 
53 0 12 
12 34 58 25 
38 27 27 56 
48 48 22 20 33 58 
33 13 58 34 0 57 
38 47 34 58 0 23 
16 53 
23 58 
58 56 64 56 
1 53 16 36 52 44 
57 19 33 23 0 
2 59 53 
48 
0 58 53 18 18 16 
61 7 7 36 
20 53 1 
36 36 
22 0 34 36 
56 1 
27 
58 
0 53 58 25 47 
39 53 1 57 
53 38 28 44 30 
40 5 30 5 
16 48 58 34 
8 62 38 
4 45 
53 22 4 
25 58 1 48 
58 64 
48 58 
5 47 
47 47 
3 55 
28 30 44 53 21 
58 
0 53 19 28 54 58 
54 29 34 30 45 4 44 
58 0 34 
53 38 45 6 
44 16 0 
30 53 6 
30 5 
6 47 
58 
6 
58 
48 48 48 29 19 3 
43 
38 53 62 
20 
61 26 64 34 10 
3 28 56 
56 58 62 
58 
58 30 3 
53 
52 2 
53 
47 
53 
53 20 62 
58 36 
0 
6 
51 49 
0 
53 11 
23 13 0 36 58 
19 53 
56 
2 
52 13 52 53 58 48 53 16 
53 58 2 18 
53 58 20 
60 
56 19 38 23 25 1 
34 20 7 52 47 58 
43 41 6 
58 52 34 29 
47 27 53 62 51 
34 53 57 52 1 
1 48 52 58 33 
53 28 66 27 45 
65 57 53 
0 20 34 34 53 
58 
46 53 
16 16 
56 49 2 58 
1 55 52 52 56 53 29 58 57 
58 35 62 25 
47 38 25 26 1 58 
53 58 62 
20 53 49 
11 
34 31 
58 58 
58 53 33 23 
57 22 51 0 45 
36 57 
56 
56 
48 
20 
29 27 
53 58 
53 
52 53 48 1 48 58 
49 53 53 3 58 
53 53 
62 13 33 42 
36 
53 13 62 
49 36 
33 
51 
53 36 52 23 52 
11 22 3 53 
58 44 
31 34 56 23 0 
2 19 
2 48 53 39 
58 2 53 
16 58 36 
58 16 36 31 
31 0 
36 64 47 
44 38 62 
30 
30 42 
30 58 30 
58 25 0 29 
1 58 
30 56 58 0 25 48 
7 25 32 28 45 
38 
63 30 38 
44 37 11 
62 25 53 55 
63 
54 48 1 38 
53 34 13 33 58 
23 1 26 
5 58 53 45 38 
30 41 
56 58 
57 53 57 
44 
53 30 19 
3 29 53 
63 
64 64 48 47 53 52 27 
13 52 58 0 36 24 
58 
47 39 30 
16 58 
53 
52 56 0 
48 58 1 50 
1 49 33 29 
33 47 29 53 
53 
34 16 53 53 
56 
56 62 58 
56 
6 
1 56 56 56 56 
64 3 58 45 
5 
44 33 62 
53 43 
17 36 36 0 
38 
43 64 36 34 0 
58 1 22 53 38 
1 52 52 53 58 
53 
13 54 62 53 24 
30 
59 
34 58 3 
65 28 22 66 58 66 66 0 
11 53 
56 0 23 
11 57 
44 
53 58 2 
48 
62 
56 
56 45 
29 49 10 22 12 30 34 33 64 64 64 12 
44 25 23 0 20 
1 26 20 
58 34 53 
38 33 62 54 25 
51 4 56 
53 49 1 
54 58 53 58 
57 1 53 19 58 52 
38 
58 12 53 
46 
21 
1 58 
58 
51 49 56 58 1 
58 44 
53 
58 0 13 34 
53 0 51 
53 62 
45 59 
58 48 1 
36 
57 
48 36 
30 20 55 16 36 
53 
31 11 46 
26 22 
58 48 53 53 
49 
31 30 43 34 
36 13 36 58 
59 
63 
53 58 13 27 52 26 16 30 34 
53 16 16 16 16 16 16 
34 65 0 
1 22 34 34 13 13 33 
0 49 47 22 28 49 36 
56 52 1 
3 56 28 
4 20 53 31 
37 37 53 22 48 
31 30 28 52 3 47 
53 0 25 58 
37 
53 28 58 25 4 
47 
45 58 38 3 49 25 42 
58 36 44 59 33 7 
53 58 25 
53 30 28 21 47 
56 41 3 
36 47 
38 10 
34 53 39 
58 26 
13 34 31 34 38 36 2 58 
60 
16 53 58 31 31 53 
31 35 63 29 
48 
48 
17 
44 53 12 0 25 
14 30 15 
18 38 29 56 
56 1 58 
34 36 0 29 53 
47 
63 
53 10 36 0 22 
28 55 56 
11 
59 59 45 
4 30 37 
4 45 
52 57 57 57 0 58 
53 63 58 
54 56 
11 
48 1 
58 
58 34 16 1 27 
8 
45 
19 16 56 
25 56 52 
53 31 58 25 12 28 0 30 34 
53 37 0 56 
44 
2 8 
53 
34 33 52 48 13 26 7 48 
28 1 22 31 53 35 
53 17 
4 
60 
31 48 58 36 58 16 
5 53 48 53 
64 
47 
12 
36 
58 
58 12 18 1 34 48 
58 1 16 54 21 
48 53 63 58 
25 56 
31 
64 
53 52 36 53 
8 0 
58 
0 46 53 22 
31 52 55 1 
58 55 55 31 
45 30 40 59 
56 61 
64 
23 31 2 
29 34 22 
53 25 
56 56 30 
9 
1 38 23 53 25 58 
31 3 57 53 21 
46 23 16 16 52 52 52 
31 29 36 34 34 
16 
32 31 
0 
60 
58 54 16 1 
24 48 48 48 0 34 
3 18 48 
53 16 58 1 
43 
0 56 
0 29 51 49 46 
1 16 53 
48 
58 0 52 38 
47 63 
0 25 28 38 53 34 20 
30 52 25 45 3 29 
38 62 45 
58 31 
58 53 56 3 59 17 
1 34 47 22 28 31 53 
58 56 62 38 
58 4 53 
20 
53 23 1 38 44 
44 58 39 2 
42 34 34 31 52 12 
59 59 37 59 3 47 
38 42 58 
29 22 22 0 23 30 53 
47 3 28 21 45 53 30 
38 30 44 45 53 29 31 36 59 
45 16 53 
66 0 49 49 
50 13 13 25 58 48 38 26 
30 36 1 
30 
3 53 30 22 38 
16 58 53 23 0 
63 58 
58 19 53 62 25 
53 2 52 27 2 
12 57 53 58 0 
13 53 23 52 10 
0 57 29 58 34 
53 48 58 49 31 
1 12 
63 
64 
53 0 29 25 58 
45 6 
62 53 20 
6 45 
59 
1 43 53 20 
25 28 44 53 0 
44 
34 57 65 0 52 58 
54 4 
10 
58 34 42 
37 47 3 
53 56 62 
41 
58 34 20 
0 58 55 52 
48 58 34 1 
8 58 
0 58 53 12 1 12 
58 54 53 63 
49 34 34 54 53 52 23 
53 26 0 
1 58 16 16 16 33 53 
48 
45 
58 53 
38 
22 28 62 54 
3 53 53 55 53 26 47 
53 58 
11 
11 
53 62 20 
48 0 58 51 51 51 51 51 51 
53 31 23 58 20 
52 53 7 
34 49 45 0 
11 34 
57 
53 13 58 56 
53 
56 56 56 56 56 
4 4 
11 
58 25 53 47 
30 47 38 
58 52 3 56 
56 26 25 0 58 
2 56 20 20 20 
56 38 47 
48 37 58 3 
37 36 53 
30 58 25 36 44 
62 26 53 
30 30 38 30 45 28 34 28 28 28 3 
53 38 
49 
18 
29 16 47 
49 
58 0 
30 31 
53 51 2 58 
53 58 52 
30 30 
44 58 57 0 
43 43 44 43 
53 58 16 28 33 0 
34 28 
36 20 1 58 
1 
3 19 53 
56 28 62 
57 53 48 58 20 0 
13 36 52 36 0 52 
54 54 13 
58 16 5 
64 56 
62 44 
48 57 48 58 1 
52 58 31 53 21 34 28 25 
29 56 48 20 58 0 
60 
28 44 53 20 
0 52 58 63 36 48 
58 53 
53 10 44 
11 
58 34 64 
53 56 35 52 1 58 
58 57 33 13 0 
44 52 
30 34 45 38 3 53 31 
53 36 16 
66 
48 53 23 0 58 
58 56 
53 
56 1 
5 
44 53 23 
58 34 29 
58 38 42 
53 58 
7 53 
0 22 
6 38 53 47 
59 46 42 
56 
11 
21 
1 22 56 
31 23 51 57 34 
16 
45 
48 52 1 12 51 58 
34 1 58 56 
34 
53 46 
48 27 
52 13 34 
14 23 48 25 
52 23 1 51 
53 16 16 16 16 40 16 
14 
30 
23 
29 
16 
20 
1 31 48 
53 25 30 59 62 58 
45 38 62 
48 58 0 52 52 
52 53 48 1 52 34 
56 38 6 
24 56 62 
56 44 58 62 
23 53 16 1 
37 38 30 30 3 51 61 
30 
0 53 20 62 
45 30 30 3 53 21 
6 34 44 
53 20 39 3 
16 53 25 1 38 58 
44 36 20 0 
37 
53 1 30 58 
39 0 58 53 18 
33 58 56 1 
53 38 0 22 
25 47 52 57 1 29 
1 56 29 58 
34 8 31 
29 38 66 36 34 45 
45 59 
56 
56 45 49 30 4 31 38 
6 
45 
53 23 8 56 
51 64 
49 48 23 0 58 22 
22 11 58 0 53 
11 1 28 20 
11 
29 57 35 57 58 16 
56 62 
65 0 
53 16 
2 
20 53 
37 47 33 
29 45 53 
3 38 58 38 
53 56 58 62 
41 43 
54 21 12 58 1 
22 16 53 1 
48 52 31 1 
28 36 6 53 
38 45 
58 53 57 22 0 
22 53 58 0 
6 43 38 
62 11 
29 
23 23 33 
60 
48 31 34 1 
63 12 53 57 
23 57 16 
16 16 16 
52 
16 58 
58 21 36 47 53 
34 36 52 18 
65 53 
61 
59 45 
56 
58 56 62 38 
1 20 36 
58 25 31 51 
29 66 20 
58 
54 48 
19 48 53 
58 25 
34 58 1 
56 59 37 
58 1 53 57 52 48 
0 52 58 
43 47 
52 52 
57 
58 10 
64 26 13 53 1 
29 
54 
47 58 30 0 
58 28 36 54 53 25 0 
25 30 30 56 0 52 58 
25 29 53 0 58 34 
25 0 53 54 53 58 38 
54 37 
12 54 25 0 
53 25 2 30 
29 30 53 
54 54 
53 28 3 45 
53 37 28 30 21 
27 38 56 6 
37 3 
0 38 53 48 
44 
58 53 31 1 
16 16 
43 44 25 33 2 64 
44 30 38 
38 32 58 25 
8 
53 12 19 28 58 0 
3 53 58 
29 52 34 58 
54 62 38 
22 58 45 47 26 3 
58 43 48 22 22 
48 48 27 0 
66 0 48 
31 53 26 1 
16 29 48 30 
0 
20 1 56 34 
53 62 22 
59 44 
58 55 38 30 53 
44 34 10 
57 0 58 58 30 42 
36 0 1 
45 33 22 23 0 58 25 
53 12 44 
53 16 
63 
65 0 36 
0 13 33 34 58 
52 37 58 58 3 
25 13 58 53 
1 66 
45 6 
56 45 52 31 1 
52 53 2 
20 16 19 36 
0 58 48 53 51 
0 58 48 25 
58 55 53 20 
53 58 20 28 62 
44 
61 61 28 
41 41 
16 
0 53 20 
51 2 58 
16 58 1 22 36 
53 23 16 36 34 
25 16 53 1 16 58 
44 6 
58 53 
46 
17 
49 
53 25 36 53 54 54 
56 
53 
50 26 50 50 23 53 
64 34 31 
53 
66 
31 18 1 34 
58 53 27 52 58 
49 34 51 57 46 56 58 1 
38 62 53 27 31 
54 34 
20 18 
58 55 2 36 22 
47 
58 33 30 25 47 
38 31 45 62 
2 38 53 
53 31 52 23 47 
37 47 
33 58 56 30 0 25 
29 21 57 58 53 31 
3 38 29 45 30 53 
54 44 58 
28 0 25 
36 30 3 
45 
58 53 56 0 31 
56 62 
6 47 39 
53 58 25 23 38 0 
53 44 30 28 19 
53 59 38 62 
44 26 30 42 42 
45 53 28 
23 53 0 47 
13 53 52 62 52 52 
1 25 50 53 
54 62 39 
48 28 
48 48 62 
22 0 0 34 
58 28 56 
58 35 58 1 
2 
23 31 19 66 0 
48 
53 58 17 0 
10 36 
44 25 0 57 
42 
47 44 6 
33 53 49 2 16 51 
11 
58 53 43 
0 16 34 
51 36 0 27 
56 
51 58 0 58 56 56 
46 
46 48 
38 
61 53 
9 0 18 15 57 
38 
46 
30 30 
53 43 
3 11 
48 
44 
35 58 58 44 
48 58 1 56 51 
1 52 35 53 56 
24 41 
48 16 0 58 52 53 
64 30 34 58 45 64 30 34 58 45 64 30 34 58 45 64 30 34 58 45 
44 6 
58 62 56 
58 25 57 2 56 28 
36 36 34 36 34 
35 62 53 56 58 
16 
64 
53 
38 45 
12 
58 2 42 13 53 
58 64 
47 57 57 53 
53 
22 53 52 1 58 
56 0 22 
56 52 16 
20 48 48 58 
56 
34 23 33 37 26 54 52 
18 
20 44 
44 
22 30 47 
34 39 65 11 
37 44 38 34 16 16 
8 
18 
0 20 
53 
43 47 
58 0 57 36 47 
58 56 25 1 
29 58 47 5 47 
58 53 30 58 34 33 
0 11 54 58 
58 41 36 
58 3 38 53 45 
48 25 56 58 52 30 
38 
19 65 
58 
45 3 53 
53 3 
45 5 5 
64 13 1 48 38 58 
47 30 53 21 
29 29 34 16 62 62 
58 53 30 7 57 
53 23 16 1 49 
0 58 48 31 
6 38 
47 44 
47 
66 53 
55 55 30 9 
1 24 58 57 
16 
30 47 
6 38 
34 49 0 58 28 
58 53 
16 56 
3 53 59 59 
0 49 56 
30 38 
53 37 52 
0 48 18 16 
56 1 39 39 39 58 52 
0 33 49 53 34 58 
56 53 
42 
58 30 38 41 
24 44 36 
45 
53 1 48 
59 
12 60 
28 53 62 38 
19 20 36 54 
58 53 
12 0 58 
34 
64 34 57 58 35 53 
1 52 57 13 
56 56 56 26 
41 30 
53 13 58 33 0 34 
26 27 2 25 58 36 
40 28 53 
6 21 
21 53 43 6 
56 
48 3 
44 58 28 3 
12 1 58 
29 58 13 57 31 23 
43 66 
51 20 53 
51 52 48 53 58 5 
48 33 48 
54 53 51 23 31 49 
48 48 58 13 
65 9 33 
59 
4 
0 58 48 34 
64 16 13 12 29 
62 56 
23 52 58 48 
36 
3 53 28 28 43 21 
30 53 21 54 58 25 0 
58 25 0 53 
34 20 58 2 
37 55 3 30 28 21 
59 24 
12 
4 53 58 
18 31 64 
44 
38 
38 52 23 44 
53 
51 51 19 
49 
47 13 25 57 0 
1 53 58 
26 47 51 32 
5 31 53 21 
58 4 28 53 
25 38 58 53 
48 34 25 58 38 
5 
13 62 13 60 43 47 58 12 36 29 33 52 49 34 
5 57 51 48 58 
38 45 
7 30 45 
33 18 
53 
16 3 
29 34 
58 
36 23 48 
38 
56 13 
54 
53 44 20 25 0 58 
38 
49 58 1 52 
48 1 58 33 48 
58 
51 31 48 29 34 
6 28 59 42 
11 
58 25 28 44 
9 48 
43 7 7 20 
27 59 48 35 34 
44 
60 60 
62 53 58 58 48 
22 53 
53 62 18 58 
53 17 58 0 16 
3 53 49 47 
52 47 44 39 57 
42 34 62 
22 
56 58 1 57 
34 58 16 
53 
3 3 56 
16 
30 30 30 59 
49 52 33 52 58 12 57 57 0 
36 36 
16 
16 
10 
53 
52 48 52 48 
56 62 
58 52 2 53 52 
66 52 57 57 29 18 
3 28 28 31 21 49 53 43 
46 52 47 52 22 
25 58 31 
37 
53 37 
52 53 53 16 
36 0 34 54 21 36 53 
48 51 58 2 57 0 
53 
44 6 59 
49 53 49 23 52 46 
53 33 0 
16 53 35 0 58 
56 16 
56 58 33 36 
30 26 55 49 0 23 
58 7 30 30 
11 
48 33 44 38 
47 29 
12 
53 58 48 
56 34 62 58 
44 32 31 36 2 29 32 
56 0 
16 46 42 56 
45 5 5 38 
59 
22 1 
16 58 53 64 53 
53 53 48 
23 53 48 
25 20 29 56 
29 33 1 53 35 37 44 23 
53 
56 48 58 0 
32 28 53 59 
44 58 4 
49 6 
47 29 62 53 38 
63 
2 53 33 34 19 
25 29 53 58 3 57 25 29 53 58 3 57 25 29 53 58 3 57 25 29 53 58 3 57 
44 
58 22 34 0 
24 56 
38 30 
11 12 43 
0 58 25 32 53 22 52 30 
40 56 25 
53 
65 0 28 57 33 27 
56 
53 
48 12 0 
38 52 0 29 58 34 36 
58 19 
45 25 54 57 38 3 
47 
0 48 52 31 34 
25 38 62 
58 38 
13 55 29 53 
30 4 28 53 47 
29 53 53 19 27 
45 56 34 31 29 32 36 38 3 30 45 
44 3 58 
53 42 0 57 58 
1 34 52 29 35 
66 54 47 
43 46 
44 
1 52 52 52 52 
53 45 2 66 
9 
2 16 34 26 22 11 23 58 
45 
53 4 45 
61 20 34 0 
53 24 0 49 
20 53 33 0 
53 62 44 
6 
2 16 
56 4 49 
38 45 59 59 
34 28 1 
58 20 53 0 
52 58 48 3 3 
48 38 44 57 16 
62 16 12 16 15 16 29 
64 
64 20 58 16 57 1 
55 55 54 13 58 57 1 
56 21 29 29 55 
11 
8 
20 56 60 58 
0 57 57 48 
30 30 
45 60 
10 49 27 
19 
61 
56 53 
58 53 28 
56 33 
46 46 
38 
4 53 53 38 
31 32 23 16 27 38 
11 52 
53 23 23 16 46 31 48 32 49 32 
65 53 44 
52 52 1 56 
2 56 23 20 32 34 58 
51 51 51 51 51 
13 
48 52 42 53 
46 46 16 
1 41 16 53 31 58 
46 
36 57 53 53 16 0 25 
53 58 
13 34 1 
57 53 36 
65 49 
58 12 53 25 0 
31 34 58 
12 12 20 12 36 16 51 16 18 
22 22 3 48 
62 64 57 
63 
31 38 30 58 0 
58 
2 28 38 53 23 
58 29 19 26 0 
53 57 16 32 0 23 38 
1 36 56 34 34 20 47 
58 
56 25 26 0 
30 48 19 3 
58 47 
53 13 0 25 
4 
63 
59 58 48 36 2 
19 1 48 
29 58 38 30 53 
58 38 
16 1 53 58 38 
44 
53 
23 
20 
53 65 16 
48 0 53 33 39 
56 52 29 34 54 58 0 
58 51 64 
45 
62 56 
6 56 16 53 
58 53 34 18 33 
47 49 13 0 16 26 52 
38 0 53 20 53 
47 
56 58 
62 47 53 56 
30 25 41 22 61 
59 
53 11 23 60 60 
53 
58 34 20 53 3 3 
13 58 33 16 53 54 0 
33 19 58 1 25 
53 44 6 
5 45 6 
53 
0 
52 34 12 0 58 
53 58 
44 6 
28 28 31 31 1 22 
5 
53 
11 
56 52 58 0 48 
34 
23 23 48 53 46 
53 0 17 36 58 
34 49 34 34 29 49 0 
53 
57 48 52 33 
53 
48 33 13 1 58 
56 37 48 58 
42 
20 29 53 46 
52 0 
18 39 
49 56 53 
48 23 1 
11 53 5 
34 11 
59 
18 
58 48 0 
58 52 0 53 
30 58 48 38 0 25 
11 
58 
38 29 53 62 45 
58 
37 58 38 30 
18 0 
44 
60 
53 34 36 18 58 58 
57 58 57 57 29 0 30 
16 36 56 46 
58 
45 6 
31 31 31 22 56 
25 38 0 48 29 
53 
50 
53 6 
0 56 19 25 54 42 44 
13 57 0 57 58 
44 
3 43 38 30 53 45 
45 
58 58 64 
58 62 57 25 26 
23 58 
30 47 44 
44 
47 30 53 51 
52 58 48 0 
53 1 30 
31 31 1 16 34 
58 7 36 
58 58 1 16 33 
53 28 58 16 25 0 
27 
0 26 48 53 58 29 
53 48 48 42 
53 3 
47 6 
8 
33 29 58 3 30 23 
28 30 39 3 58 
0 34 58 34 21 19 34 
56 62 
53 
53 19 47 58 0 47 
4 
56 53 49 1 53 58 
53 3 58 
28 56 
0 0 0 66 66 66 66 
57 
58 
58 
58 0 
58 3 53 
34 23 
63 
58 55 66 
47 47 38 30 7 
54 16 24 
53 47 3 
47 30 59 
45 6 
36 27 36 
58 54 53 1 
44 
31 56 19 0 
4 20 
0 0 66 26 28 30 25 30 
53 53 
62 
58 33 13 33 25 
58 13 53 53 1 57 33 
58 1 12 57 52 
53 23 46 57 11 11 54 36 
13 33 0 48 
56 28 54 21 
0 48 25 50 58 
34 
60 60 
34 28 20 
42 42 53 29 16 16 49 12 62 
37 45 
48 0 58 48 
19 58 0 38 
1 56 28 28 37 44 38 
53 17 33 27 
36 18 
53 52 
12 58 11 52 
33 
14 14 
13 
42 57 26 13 
12 12 
19 
12 
56 48 44 62 
58 3 42 
53 22 57 57 53 47 
53 27 48 
58 
49 
38 
13 
28 0 52 48 58 28 0 52 48 58 28 0 52 48 58 28 0 52 48 58 
33 33 36 0 31 16 23 
55 31 
4 
0 31 30 58 21 38 
53 28 62 45 38 
51 
1 48 33 29 58 57 
65 
34 7 
1 19 58 53 
56 36 62 30 13 25 58 
22 13 29 48 52 25 51 1 58 53 53 30 38 
30 28 53 34 25 25 58 
45 59 
48 36 30 34 45 
1 13 56 
38 30 43 3 3 45 
16 31 48 1 25 
58 
45 
58 38 
44 38 6 
34 52 3 59 
53 
24 6 53 48 57 
54 35 55 52 58 0 
22 58 47 47 53 0 
58 11 53 0 
58 38 55 29 56 
58 53 16 66 48 52 58 0 
53 58 0 20 47 
57 40 47 58 3 58 
34 0 34 16 29 52 48 
22 62 56 
29 23 
61 
51 29 58 53 11 
55 34 19 58 33 0 
59 
1 1 48 36 53 53 
56 58 64 
33 56 62 
53 
16 13 29 57 
16 
62 
56 58 20 2 34 
38 
19 58 57 0 
49 33 27 0 
52 58 0 33 15 
29 
10 56 57 59 
64 
27 58 65 27 1 
7 
37 
6 45 
59 
58 48 31 62 
53 0 58 48 
58 22 16 52 48 
48 
53 53 22 
53 
11 
38 30 
57 16 57 54 
24 44 59 
53 
58 52 12 53 
3 5 30 
58 51 
34 23 23 54 36 34 47 48 
9 
31 53 
8 
53 
53 49 
0 
58 37 
53 29 
53 
49 
56 22 58 
24 44 38 
55 
20 
20 
54 
46 
58 23 12 53 
40 6 
52 0 
56 64 
33 30 38 30 34 0 16 
53 0 58 47 
58 25 
44 6 
53 58 0 50 50 22 
1 25 58 21 
64 16 53 38 25 
53 56 29 20 58 
48 38 31 31 16 
56 
34 32 1 13 
6 58 
56 
34 0 44 25 13 54 
53 0 48 58 
37 38 47 
34 33 3 53 
58 56 62 19 31 32 32 
53 29 21 38 
16 34 34 
44 56 23 
64 53 1 37 
45 
35 10 35 
30 45 3 56 30 
49 53 56 53 
16 58 
9 45 20 20 7 7 
64 53 
24 44 6 
61 3 56 
53 34 58 49 53 
27 36 28 32 61 61 
64 
53 48 5 
53 
64 
53 4 42 
16 
58 
56 0 25 
44 
53 6 45 
48 
60 47 
13 36 52 58 0 47 
46 30 
52 54 39 49 
50 16 16 16 16 
31 
48 58 62 53 
9 56 
47 
45 
47 
1 53 36 
48 33 
57 1 58 46 53 11 34 
48 
2 16 52 34 58 23 58 
61 53 
0 54 12 47 31 19 34 
0 47 23 50 48 33 
16 16 53 31 33 58 52 23 
51 11 59 6 56 
9 
58 56 62 48 
25 58 
53 
31 30 33 0 48 
21 18 40 34 
11 
17 
62 57 62 62 62 
45 59 
0 53 27 
6 
46 
56 
56 
34 
48 
3 
18 48 
3 56 
45 59 45 42 42 
3 21 28 53 37 
19 53 31 29 44 
47 47 
53 22 30 2 58 
56 26 58 1 25 30 
56 59 44 
44 49 20 48 
53 64 33 58 
36 1 1 48 
53 28 22 0 53 30 
45 38 53 7 58 
30 12 62 23 47 
30 38 58 34 7 
19 48 51 58 1 
58 
48 53 26 
9 
29 51 22 0 57 2 11 57 32 34 20 
18 1 53 16 28 
56 23 
16 27 53 
3 36 36 11 
45 5 
53 66 
34 11 
7 45 
43 58 58 56 
11 57 49 
64 22 58 0 
31 53 54 34 2 13 33 52 
47 
48 
0 20 36 
22 48 54 48 3 
36 44 25 0 54 12 
22 22 34 
53 29 22 58 0 
0 56 58 53 16 
29 7 34 31 3 
59 51 40 
21 
51 51 51 51 51 56 58 
11 16 33 53 51 1 48 
48 
54 31 20 0 29 38 
23 3 10 
53 18 48 
48 56 
44 
58 31 13 13 2 
53 61 0 
58 12 
48 
65 
48 
42 
53 
0 0 17 
53 1 58 
31 46 
11 
25 28 23 53 
53 3 3 58 18 
60 59 
53 21 12 29 25 
0 
58 
51 58 1 
53 58 
53 18 1 
58 0 13 53 
22 12 18 16 59 
58 
31 59 53 
18 34 
29 16 16 53 
53 28 0 25 54 33 58 
30 53 53 38 47 25 
63 42 
59 
44 
18 16 56 
38 30 54 31 45 3 
59 
53 45 43 37 28 21 
29 38 1 53 21 
20 53 44 3 
34 28 31 30 38 45 3 22 
62 
51 0 53 31 47 
3 38 53 
48 58 34 0 53 30 
28 58 47 53 37 38 24 
37 30 53 53 47 
58 57 11 0 46 
56 58 2 34 31 
53 45 30 31 29 38 
53 21 48 25 62 36 
58 12 53 58 0 
20 53 0 58 57 
52 54 28 63 
53 53 1 58 58 
24 56 29 
56 34 1 48 
53 16 64 
56 3 47 46 
59 59 59 59 59 59 59 
0 23 53 49 33 52 
13 28 1 54 53 21 
32 
58 56 4 49 
41 
38 18 30 
3 
41 
0 58 
53 
16 47 
30 20 53 3 
36 
46 53 
53 
42 44 53 
0 51 53 53 
49 53 62 28 
48 56 2 
59 5 59 59 47 47 58 
53 13 31 58 0 
0 56 58 
36 36 36 
16 
31 34 53 58 
53 
10 
11 23 53 
58 52 50 1 12 48 
46 58 1 64 53 
56 57 48 57 20 0 
49 48 23 44 58 0 52 
53 58 34 3 1 1 
34 
65 
48 0 
18 
64 
47 0 53 31 48 
44 47 42 
30 42 49 53 16 
58 25 
47 
25 63 38 53 
49 52 49 22 55 36 0 
61 30 
0 25 53 
53 18 5 
23 38 25 1 53 
4 
62 
58 
33 58 30 53 31 28 19 55 
16 53 26 58 38 
36 0 34 33 25 
4 53 25 
53 3 45 20 39 
38 45 
58 38 42 
47 58 52 
25 38 63 53 35 29 30 
58 31 
59 
13 13 53 44 
61 61 56 7 0 
53 25 13 22 0 28 58 
48 18 64 
20 38 
20 34 56 3 28 
38 
0 27 53 58 66 12 66 66 66 48 
26 
11 
26 
62 20 54 
47 10 56 
53 1 22 48 30 
0 19 53 33 
66 1 30 
53 
48 58 57 34 
13 0 29 58 12 
4 53 
59 
20 48 12 1 58 53 
1 
66 48 62 
45 45 
44 
16 25 33 20 58 34 
49 58 0 48 
60 
57 31 13 57 34 
36 29 2 34 36 
53 
11 23 61 
9 28 
59 45 
38 38 
19 53 53 3 
51 46 
53 25 21 42 
47 45 3 30 
44 45 30 6 
58 64 57 57 
58 10 42 
31 53 29 48 54 58 
12 48 35 2 56 54 
6 6 58 56 
54 58 52 23 25 
58 58 
16 
53 1 58 31 17 58 
33 58 56 
34 25 30 52 28 
48 
56 14 
58 
48 18 31 
48 48 
22 34 0 34 
12 
53 
14 
39 39 39 30 
22 
58 0 36 48 48 
6 27 
65 1 58 57 23 
56 29 
44 
58 36 16 28 53 0 
52 58 34 34 23 57 
58 
63 
56 53 2 
52 30 28 58 53 
61 58 30 28 0 53 
16 28 31 56 58 
34 19 35 28 54 
56 58 66 66 25 1 
22 30 57 23 2 53 
58 30 18 56 
25 44 56 
38 
33 22 54 38 45 
54 58 30 
53 5 
44 41 
53 47 25 0 16 29 58 
38 58 
47 28 53 3 3 
6 38 45 
44 
38 26 26 53 1 25 
0 1 53 25 54 57 58 
37 
53 62 42 
34 
58 18 29 57 57 34 57 48 
38 53 2 30 
23 58 1 53 35 
30 30 27 0 57 53 47 
48 58 37 52 
2 52 33 31 36 31 31 
56 47 62 53 66 
54 62 58 
3 3 51 53 42 
47 54 32 56 56 
22 49 53 31 58 1 
58 
51 56 59 
58 58 0 48 7 7 
45 30 30 29 3 
2 51 58 
29 56 53 
53 17 
48 53 53 25 
58 58 3 42 
53 62 13 
38 44 
53 29 13 22 58 25 5 30 
45 
1 58 23 48 
6 47 
44 5 
59 
64 56 
30 
23 53 
4 
0 
0 53 58 23 22 
2 56 
47 
53 5 
66 47 62 56 62 
44 37 6 56 
9 49 49 
0 23 52 55 52 16 53 
58 0 
56 22 58 12 2 52 
51 
18 18 2 53 
53 39 27 48 27 
53 38 47 0 
53 49 53 0 47 58 
22 30 31 32 28 34 52 
19 53 58 
36 57 44 31 57 39 57 23 46 
52 34 0 13 13 33 
28 5 56 
58 23 19 53 
5 29 34 30 
34 25 2 44 
53 55 52 52 
58 23 48 
58 20 56 
54 42 58 23 
23 
49 
17 
0 58 31 28 25 
53 25 57 0 51 
12 58 52 48 53 1 
48 13 53 31 58 66 
53 38 22 55 52 0 58 
25 57 29 48 58 0 
12 0 52 38 53 58 
54 64 
35 31 
16 
53 
58 53 
53 52 18 3 
58 38 30 
44 39 
34 25 1 34 
3 58 53 45 38 
53 28 20 36 
6 44 
45 47 56 38 6 30 29 53 
30 38 44 
36 19 34 38 
6 
37 53 
53 28 16 
29 34 48 16 
56 53 53 62 38 58 
19 53 58 10 50 
11 38 56 
28 19 33 62 58 
52 52 34 
56 53 38 62 
13 34 52 0 58 45 53 56 
38 
44 20 62 58 
56 18 
1 53 36 34 61 53 
19 0 
61 
11 49 59 59 59 59 
56 59 
58 52 52 29 23 53 
48 30 1 
10 29 53 58 22 
53 38 56 28 62 
42 47 42 
36 54 31 
49 
52 
64 36 28 
31 53 2 
12 53 58 32 0 
38 28 58 49 
28 34 25 38 58 29 12 
62 30 23 16 16 58 31 34 
1 53 13 27 27 
44 53 18 2 
31 23 
51 53 0 53 
48 0 29 56 
34 20 53 31 0 16 12 
23 53 48 0 55 54 57 
0 12 54 23 56 
36 62 4 53 
2 18 47 31 
52 53 23 3 52 
65 58 31 28 
19 53 
5 24 38 44 47 
11 
22 47 1 58 53 
39 59 59 45 45 11 
58 23 19 0 
55 
65 36 58 1 
48 53 
60 
53 24 6 
58 53 
28 33 
41 
52 53 58 0 
56 34 25 1 58 
38 55 29 3 53 58 47 
52 1 34 
34 0 58 
29 53 1 
38 53 23 58 0 
52 54 58 53 
53 47 41 19 3 
56 38 62 
58 53 28 54 0 
58 
25 38 53 22 
1 53 56 28 
56 25 1 30 58 
5 5 
44 
38 53 3 
57 1 29 25 30 38 
0 52 53 
53 53 
31 58 
58 
30 44 
63 42 
52 57 1 26 58 
47 53 30 38 
56 
48 
56 25 0 58 23 
28 0 48 13 52 53 50 
53 3 45 22 
16 53 58 1 
0 53 16 48 57 
16 53 61 0 
58 45 3 56 20 36 29 55 
53 19 57 57 53 2 
53 
53 
53 1 48 
52 56 
33 19 0 53 
6 54 
53 48 48 1 58 
56 23 2 
53 58 56 62 
38 
53 25 
56 34 
36 58 49 64 
56 30 24 
18 53 44 
16 49 49 48 
56 27 62 48 
30 
48 0 48 58 
34 0 54 52 49 58 1 
27 16 58 2 49 
47 60 54 57 12 58 1 
11 35 30 
16 16 57 
16 16 16 
0 58 53 
44 59 
58 53 62 
41 
52 52 
54 48 28 53 58 
40 7 7 49 
6 
48 
20 56 33 2 
34 34 
51 51 53 30 
1 16 58 53 16 
65 1 
20 34 
13 58 0 
19 58 0 
53 16 
48 51 27 
58 30 12 56 0 25 
66 
56 37 53 
54 42 
56 53 27 
53 
52 
19 52 55 58 1 
56 52 
53 25 47 
45 38 30 41 
0 53 20 
54 23 29 58 
38 23 28 53 30 
1 53 28 
4 24 44 
53 62 38 
58 1 28 16 56 
53 0 12 23 58 
53 28 3 45 
21 31 31 31 53 
56 38 52 
26 
63 53 48 42 
44 39 
29 29 0 53 34 28 54 58 
34 62 57 
57 63 58 42 
29 53 3 43 
59 44 
56 54 56 16 28 58 
57 
25 34 0 28 31 48 58 
52 49 
49 
53 30 58 57 64 
7 47 42 31 52 61 
56 3 58 
0 53 52 39 11 
66 0 53 
44 
53 6 
38 
62 
53 56 62 
28 53 53 33 34 34 33 64 
23 11 0 53 
20 1 53 53 52 
58 
56 58 62 28 
59 
53 0 
0 58 52 40 20 53 
54 29 
22 22 40 53 19 
54 31 34 
47 
49 57 23 54 44 9 
44 
56 
28 1 38 39 53 25 
4 58 
60 
16 15 16 
62 53 56 53 
56 66 26 34 33 23 46 51 
36 36 12 1 
58 29 57 33 
46 
37 2 25 
18 
13 
34 58 
26 58 53 56 1 
26 1 53 
58 
50 28 58 
53 48 13 12 52 0 
20 
58 49 49 53 
45 
53 52 18 18 0 34 
16 58 36 34 16 33 62 
21 21 21 21 
49 53 0 
53 12 38 25 1 58 
53 20 4 
3 20 53 
58 34 63 
33 33 34 
52 48 16 52 58 53 0 23 
31 38 30 
53 22 0 57 25 
58 53 28 52 3 
0 32 25 29 
30 38 
53 0 58 
6 
38 
53 51 52 34 56 0 
58 53 
53 22 58 54 38 31 
21 28 30 30 53 40 
53 62 20 26 47 38 
45 47 54 38 
38 30 
48 3 
49 34 57 58 
38 44 30 
58 30 
54 4 45 38 
58 56 51 51 51 51 51 51 
58 16 45 34 23 24 
21 53 20 34 
23 53 
53 58 63 
34 56 30 
22 56 
43 46 
33 
18 
59 59 
58 
1 53 17 33 
3 28 26 31 34 
56 58 53 
45 45 45 
48 1 47 
34 36 31 36 
53 22 58 1 23 
56 28 
41 
25 
38 45 47 
58 38 62 25 34 36 34 19 29 
57 28 20 0 66 
13 58 53 34 0 32 
44 16 0 36 25 
53 
34 
20 55 1 56 45 
53 58 63 
18 22 53 
53 
16 53 
56 56 
58 42 
16 
57 39 0 21 34 34 
62 20 53 
10 
11 28 
52 
22 
2 
47 58 52 64 
3 
58 
52 
47 47 
56 47 48 52 33 0 
46 
30 
13 0 20 31 53 
12 16 58 
59 
51 39 57 
2 47 
53 
4 
58 
45 59 
46 56 
11 
11 5 
58 16 0 
49 
49 6 
53 
64 
30 5 37 56 
52 42 0 53 20 
5 45 
42 53 23 
23 
2 16 31 1 36 23 53 
0 51 53 
53 49 
36 
30 
48 1 44 
64 53 28 
48 25 38 58 58 
33 
44 38 
59 
36 58 30 
26 31 29 40 47 
23 47 47 30 45 
53 1 23 29 21 
56 58 0 
44 57 0 52 42 25 
16 53 
0 29 25 34 53 20 30 38 16 58 
51 59 59 4 45 4 
34 31 23 38 29 
28 48 2 
34 22 42 
54 58 
58 23 56 52 
20 58 48 1 
58 16 57 19 34 1 
56 54 58 3 
53 3 43 58 
26 
1 53 48 
53 33 18 30 49 58 0 
58 29 38 3 
45 
13 2 31 
47 
38 62 53 
47 12 31 32 53 
34 29 62 
23 34 31 
59 
58 3 56 
38 43 42 30 30 30 30 
34 48 
45 
28 53 3 3 45 
38 30 
45 
8 
28 
52 54 32 
14 
48 
48 
59 42 
54 12 58 51 20 1 16 36 
20 1 52 
16 53 23 34 13 13 11 28 28 46 57 52 23 52 11 
53 0 45 
58 29 31 0 
20 54 33 58 0 
48 
56 47 
12 
53 52 36 3 
57 31 13 52 
53 31 32 32 33 12 
53 3 48 18 16 
3 22 31 31 53 37 
53 0 33 52 
53 53 
23 2 19 
53 53 62 28 
20 
26 53 10 
13 
53 53 62 
1 58 19 34 
59 45 
20 28 39 58 
24 59 
53 
16 34 
0 
31 58 56 
30 61 34 
13 12 13 14 12 16 0 11 
61 53 
22 36 11 53 0 56 53 35 
11 
20 
45 38 
56 
47 47 
53 
34 28 25 0 
46 
58 30 57 30 31 38 
28 0 16 53 
53 58 3 48 22 38 
30 41 38 59 45 47 
53 58 64 
30 54 12 56 22 2 47 
53 38 35 25 1 
37 45 21 28 31 53 
56 31 30 29 45 38 30 
47 38 29 30 38 
53 
26 
53 58 0 29 36 25 
53 62 
44 6 
11 23 53 
38 56 62 62 
38 52 
22 29 4 30 53 
23 53 0 25 
33 34 
44 47 58 
59 
22 31 31 1 26 58 
23 38 31 31 53 28 
56 26 22 54 29 
34 23 0 
52 48 
48 
56 40 58 
0 
22 53 29 0 57 
58 0 52 53 56 
30 
53 64 
12 3 46 
33 
23 33 56 64 
22 34 0 56 
47 6 
46 46 
0 53 20 57 40 
23 52 58 1 37 25 
19 53 53 58 0 52 
64 9 
53 35 53 45 
16 47 58 16 16 53 52 52 48 23 29 0 
12 29 58 52 57 35 0 
36 35 28 62 
43 
58 52 56 6 
60 60 
58 25 28 
24 41 
41 
58 28 53 
0 36 28 25 26 36 53 
52 57 34 
5 
1 12 33 57 34 58 
58 16 13 53 52 0 
62 
19 19 
28 29 53 31 
44 24 38 4 
65 1 49 49 25 58 53 0 58 
1 12 34 
53 58 53 34 34 23 47 
60 
48 62 34 3 37 44 
10 58 
31 31 12 51 29 58 
61 55 51 11 20 
58 33 52 1 48 55 34 
58 51 23 53 52 
62 53 29 12 
56 58 64 
57 
52 2 
58 38 12 3 
64 30 31 31 31 31 31 31 31 
44 
0 
53 58 0 66 16 
6 
15 23 2 19 52 53 49 
58 31 
53 25 1 58 
11 43 49 49 49 
58 53 53 58 1 
59 
53 58 1 
58 53 52 34 12 52 31 3 
51 31 27 34 34 34 
38 45 
47 45 
58 53 4 23 
6 43 
53 28 48 25 48 0 
0 25 30 57 58 53 16 44 47 
58 
1 53 25 58 
31 65 
25 31 35 23 34 58 38 0 30 52 
5 38 29 36 
44 45 30 38 59 
58 28 28 30 3 28 
34 53 51 0 
48 30 1 37 53 
63 
63 
3 22 53 
45 
53 46 
47 24 52 9 
25 1 48 
4 53 
42 58 38 
37 58 4 28 53 
48 23 58 0 
18 53 29 38 
47 47 
3 53 29 45 42 
56 21 53 
30 
10 
58 47 53 5 
54 51 53 
10 
5 
4 6 45 53 
7 
58 56 63 48 
53 
56 19 
31 58 18 0 
58 64 
47 
53 
33 
19 
40 
58 53 
22 32 33 36 0 
21 36 38 
16 57 52 0 58 49 53 
57 0 57 48 12 
0 52 57 16 57 
7 53 
25 30 
58 49 53 0 
51 56 
53 
18 53 48 11 
61 45 
59 
34 31 12 
16 
0 
31 34 58 56 20 
24 
61 0 
47 47 3 29 38 30 
44 44 42 
63 
44 42 28 
53 58 1 16 
7 53 46 
44 
56 11 
56 31 
12 48 
34 26 58 1 
64 
13 53 
9 31 
0 58 36 53 
38 48 54 23 13 64 
56 49 19 34 
59 
53 46 23 29 16 36 36 52 
56 36 62 
28 1 58 36 
53 58 
53 62 58 
58 31 23 53 0 
56 2 30 
44 
11 49 6 
19 0 53 
49 13 31 14 
59 
59 
25 59 36 16 31 58 
20 34 28 33 
0 56 56 19 53 25 
53 
49 
28 16 25 58 
56 58 
0 25 28 38 53 47 57 22 
54 
19 53 47 5 27 
24 7 
44 58 
58 39 44 
31 36 13 30 
36 23 56 
45 62 23 34 28 
63 
38 45 41 30 
56 58 0 
53 1 25 
3 22 53 
47 31 36 0 50 
52 52 30 28 52 58 52 1 
44 6 56 
37 29 
53 23 0 
58 30 38 
33 38 
3 37 22 34 
57 30 44 38 3 
3 12 38 53 
45 30 37 3 28 53 
44 63 42 
23 13 52 38 54 2 
38 56 58 
41 
12 58 31 60 35 48 29 
58 
56 29 31 38 45 
34 36 58 
49 30 58 27 53 23 17 57 0 
20 23 1 55 53 
47 58 41 
53 0 29 51 48 
62 62 
25 52 52 58 0 56 
30 
10 0 
53 58 62 42 
5 
53 
47 62 52 28 66 
44 
30 
54 4 
54 34 
20 20 
60 
33 31 34 35 
53 53 53 22 
0 18 34 58 
45 53 47 5 
53 55 26 5 45 
47 52 6 
48 
51 
58 2 
22 31 6 
0 53 47 53 49 12 56 55 48 
56 58 4 
56 
24 
48 58 36 0 
58 16 0 
18 34 0 
57 32 23 16 58 
34 28 46 46 
49 
19 53 0 
64 34 58 1 
47 58 52 0 57 
30 26 33 
59 
1 18 53 
58 
53 36 58 48 52 
13 1 48 57 
31 11 
33 34 20 55 58 
54 1 16 54 
53 48 66 
58 25 48 49 64 64 
19 0 34 33 
47 64 
58 53 62 20 
6 44 53 
34 16 57 54 64 58 
16 58 64 31 32 35 53 
56 33 
58 64 2 53 
59 
22 48 53 1 58 
3 51 
59 
45 
46 
46 
46 
48 34 
61 
53 0 52 58 58 
5 34 
23 
52 52 52 53 16 0 58 
53 0 58 
53 56 1 
6 
43 38 
36 36 31 52 34 
29 
53 66 
64 
53 12 48 
38 
18 
8 
53 1 53 58 
16 
56 
30 43 30 
58 37 38 34 53 0 
1 53 48 18 
53 29 36 31 38 44 45 
48 58 3 53 
4 53 18 36 59 
52 52 
25 53 38 29 1 
58 6 
0 48 12 58 16 30 
22 
0 58 
58 
34 
64 53 58 
56 62 
29 38 
42 7 0 53 42 
58 1 57 
30 30 38 47 
34 58 
53 0 58 
17 0 53 
25 36 31 36 36 1 
52 49 34 29 58 0 
48 0 53 42 52 
53 58 22 0 
54 12 62 
53 52 16 16 54 57 
0 
0 57 36 53 45 58 
48 48 53 28 62 34 
58 58 62 
48 0 58 53 
53 0 49 49 
35 26 31 58 
0 16 16 16 16 
48 0 58 
48 0 58 53 27 27 
8 
42 58 53 
19 18 
0 
53 
52 58 2 23 
58 52 64 28 36 1 53 
47 38 
50 1 58 
52 25 58 0 52 36 43 
45 53 47 3 29 38 21 
1 48 48 41 45 42 
44 39 
20 
27 42 37 47 
53 58 18 58 
62 56 58 28 
38 58 42 30 
45 
16 
32 31 56 23 57 
16 38 53 44 
15 57 32 33 29 60 16 52 
2 64 
58 49 28 62 53 52 
23 30 52 1 
48 30 23 2 
16 
38 
56 27 58 57 25 59 
13 56 0 38 65 
52 62 58 12 28 48 30 34 
52 52 51 0 
54 
2 49 49 32 
52 34 
58 53 
20 23 58 53 
53 23 34 19 39 
36 22 57 58 
36 34 57 
64 50 9 
53 58 63 
13 13 36 
34 51 23 12 34 0 
58 28 0 
10 36 
53 23 57 
18 53 
16 
17 33 16 16 0 
27 53 23 39 62 
16 53 
58 26 53 
53 12 1 40 58 
5 53 53 1 42 
61 
10 
53 
53 2 
43 
12 34 53 1 23 54 
58 
58 
38 30 45 
0 34 29 19 0 34 29 34 30 19 
53 38 28 
37 31 53 54 58 30 
44 
38 37 25 29 
41 44 58 
40 52 31 53 
22 53 31 37 
1 16 48 
54 12 1 
53 2 
53 6 38 
3 45 44 23 
58 53 31 45 
48 25 34 0 58 
65 31 23 0 
38 65 
54 53 16 
53 29 0 12 58 
64 
38 53 
52 29 55 16 12 13 
17 46 
53 54 
23 
48 29 
20 
25 23 54 13 58 53 38 
38 53 52 42 
25 34 1 34 29 38 
31 58 53 
53 1 22 23 53 
53 
36 36 29 48 34 
1 13 
58 1 56 
49 29 0 53 33 52 53 
2 52 66 12 51 29 43 
58 12 53 64 
33 23 53 58 0 
38 
33 33 14 14 33 33 13 
53 28 58 
53 58 56 47 44 
58 56 29 34 33 62 
38 28 2 54 
53 36 53 
18 34 58 12 0 
20 53 38 62 
28 62 56 20 
5 
53 1 38 
58 38 54 62 
10 0 49 23 29 12 52 52 57 
58 51 1 51 42 
64 
58 48 23 48 58 
1 52 57 
58 53 6 45 43 
56 1 25 58 
4 48 20 44 
58 56 
34 20 31 34 60 
53 52 58 62 
30 38 
53 44 49 
53 
59 
30 
53 
48 29 0 
51 16 0 58 36 48 53 
25 24 6 29 53 55 
53 48 
58 
31 11 36 
58 19 53 1 
47 53 26 26 22 22 29 1 
13 16 
4 45 38 59 43 
53 0 
23 57 13 52 1 
58 52 16 0 
12 
18 
1 
53 54 53 18 
34 1 19 58 
55 53 
48 
65 33 
56 26 36 
52 
28 3 
65 
58 0 
56 18 
48 53 
43 
31 23 53 7 
47 
47 
36 
11 22 
30 30 30 41 
63 
3 37 18 56 28 28 
31 30 29 22 58 45 
30 59 45 38 
34 0 29 53 
29 53 38 3 47 
16 58 0 48 
7 53 
5 
30 38 
47 
45 
64 
0 53 28 
38 58 44 
58 38 
4 58 
49 58 16 56 10 
47 58 25 
47 38 53 3 30 
58 53 48 36 0 
64 55 55 44 58 
20 53 62 58 
62 38 
45 
33 
47 
5 
4 
56 64 45 
65 18 
34 56 52 28 
38 
12 57 16 16 
48 0 56 47 
48 
47 
0 48 
52 30 58 53 
56 
53 
41 
59 
3 52 58 56 
53 
58 
47 
59 
56 16 16 56 
23 16 53 58 
16 14 16 
53 62 
25 58 53 36 
34 23 0 58 21 52 
16 51 0 53 
36 31 11 
58 52 56 51 6 
53 31 33 49 
46 
53 
58 
2 
33 
38 
60 
23 53 58 13 2 
34 10 49 
58 
0 
48 52 16 53 
53 17 
13 48 52 34 58 54 2 31 48 48 
47 
0 58 19 
59 43 
65 18 11 27 27 57 
22 48 3 16 21 30 16 59 58 
30 57 58 12 54 
39 56 21 59 
44 
57 23 
52 42 
22 22 11 
52 
20 20 
64 
57 
20 28 
10 62 52 58 
60 59 
47 
53 29 38 1 58 
47 
30 30 41 30 30 30 
53 25 47 58 0 16 
59 44 
53 58 38 6 
44 31 18 1 
30 37 1 21 29 56 56 
30 30 38 34 29 0 58 32 31 
47 20 53 62 
45 38 53 3 58 
31 29 30 30 26 62 34 
58 30 53 21 
28 22 37 53 
45 
63 42 
53 16 
47 19 52 1 53 
58 53 0 
63 23 53 
53 22 4 4 
45 
19 31 53 58 
27 
66 66 66 62 45 58 
53 10 
49 34 42 
16 44 52 
49 36 58 34 34 58 36 36 36 
53 62 20 27 
65 47 47 
0 53 22 45 
53 23 64 18 
48 31 36 64 
48 
54 
3 58 56 
53 56 
53 56 
24 
47 47 41 30 38 44 45 
56 11 
58 
37 
1 52 12 52 
58 
57 26 58 57 57 19 31 0 
58 63 
59 
46 
12 
59 
11 
33 
52 12 51 53 58 
52 
16 62 28 44 58 
47 47 
52 57 50 
48 58 56 28 0 
53 20 34 55 
8 
20 
45 59 59 
38 30 
0 53 58 18 
38 62 58 56 20 
53 58 61 28 46 
7 
59 
14 
56 62 
12 12 54 
19 53 62 
32 23 33 
56 
57 13 31 16 
18 
35 
35 20 27 
51 
8 
25 34 21 58 
51 34 53 25 57 1 48 
53 
18 
5 44 
12 23 58 3 53 
9 58 
18 33 34 34 
58 52 53 
22 56 35 0 34 
29 16 8 
58 42 16 25 
45 47 38 31 4 
30 
63 
1 25 58 56 30 58 
45 25 0 56 30 
29 58 48 1 30 30 
45 59 59 
46 
30 7 30 41 
4 
31 62 29 19 52 
30 4 
45 38 4 30 
36 1 27 45 38 53 
29 48 16 
4 47 53 53 53 53 0 58 36 25 
30 53 31 58 0 16 
29 31 30 45 58 53 4 38 
38 44 
47 
56 58 0 29 36 38 
56 56 
56 56 
58 
52 53 
38 4 31 44 30 
0 29 22 16 52 32 57 33 58 
31 47 53 52 0 58 
48 53 1 
4 58 48 
29 57 34 20 
58 6 33 
58 
56 
0 
24 7 38 53 
58 34 17 1 
20 56 
58 0 21 20 
38 
46 
62 56 56 
16 16 58 47 2 
17 3 
53 
49 53 17 
56 3 58 
53 31 10 
22 23 1 53 25 
16 16 16 16 16 16 16 16 16 
3 55 59 
56 29 62 
53 62 53 27 
58 6 59 26 20 53 
16 38 25 
53 3 9 
4 45 
30 
45 6 
0 19 53 
48 1 48 25 
46 
53 
0 
30 
53 34 57 34 13 0 
53 54 48 23 58 52 34 
57 44 55 49 48 
23 28 56 33 
41 
53 50 48 52 
54 34 48 
59 
60 
48 34 31 32 23 52 
45 
11 59 16 59 45 45 
58 22 52 1 53 
64 11 4 4 4 
58 
1 36 48 16 58 16 48 
58 
38 6 28 19 53 33 
53 56 58 
23 12 58 66 0 58 
34 10 46 23 34 46 46 42 57 
65 
57 
53 58 1 
16 1 58 
38 25 53 
19 26 19 
15 
20 53 48 
51 
8 
29 
22 30 30 30 47 
44 
46 
24 
65 57 
58 
20 62 54 
38 31 31 53 29 1 25 
25 58 13 30 53 
25 58 53 30 2 38 50 52 
56 54 30 58 3 
53 38 23 2 58 28 25 
43 58 31 48 
12 25 48 26 50 55 
38 58 1 66 
58 
48 
20 20 20 20 
12 
1 31 56 
30 
58 53 62 
44 
59 22 53 
14 54 48 58 0 
1 58 42 56 29 56 45 
38 53 51 62 
3 29 45 
56 6 38 
47 
45 
47 
53 0 29 
39 31 3 21 32 
56 
48 48 
45 38 
27 53 30 1 36 36 34 
53 56 58 42 
46 42 
23 58 19 34 33 
45 4 
53 58 62 48 
52 20 0 52 
0 52 48 
56 58 6 
11 
53 64 
16 16 0 58 27 
58 34 52 0 13 29 
16 0 53 34 58 
45 
58 
52 48 53 
55 0 42 
0 58 52 47 29 28 33 54 
28 62 
60 
13 1 53 58 
19 35 34 31 52 
56 10 
48 58 0 34 34 16 
25 28 58 44 62 
16 0 30 38 65 
60 
44 53 
54 58 66 
59 
56 58 
53 52 28 58 44 
48 
36 1 58 16 
29 57 52 26 0 12 
53 
23 
30 
58 
48 53 58 0 
58 53 52 49 1 16 
22 
49 49 53 
42 53 57 52 54 23 52 52 42 52 
5 
53 58 49 
24 
20 16 52 53 0 
53 
58 22 1 
33 21 
11 
23 58 39 
2 59 59 
47 
16 
32 22 23 52 
22 7 
31 32 16 14 14 52 
64 58 53 2 
53 
11 
38 45 59 
53 56 20 56 53 
13 29 58 0 34 
34 
65 45 66 
6 45 
53 3 11 
30 
51 
31 20 2 58 25 33 52 
30 
3 53 45 
31 29 22 33 33 52 57 45 
53 
30 30 56 38 
63 58 53 
53 4 
53 37 30 21 28 
23 53 38 1 25 28 
49 34 58 34 0 34 33 52 
41 
30 30 30 30 30 
63 34 52 48 25 38 
38 6 53 47 
56 45 
58 
29 0 53 57 
58 0 53 66 
6 56 
58 16 1 53 
14 
48 18 
64 58 64 
34 31 
20 
61 
0 
58 49 36 0 
37 
16 56 41 53 
58 53 16 15 53 54 
44 
48 58 0 49 48 34 48 57 57 57 57 47 
18 53 22 
53 11 
53 
12 22 
56 47 51 
53 9 
53 56 1 16 
0 48 58 
58 6 53 
53 41 38 3 58 37 
56 
56 3 45 
51 30 
11 58 56 
44 44 
48 58 
24 42 38 31 25 
53 56 62 58 
36 58 34 13 0 1 56 
53 1 48 16 
31 58 25 34 20 21 
58 0 13 
45 3 5 
58 25 28 62 
0 22 56 
22 11 53 
9 49 
12 56 58 48 
53 59 62 28 53 53 
0 
0 53 58 20 
23 21 28 53 58 
53 19 0 30 
3 16 18 23 53 
57 57 0 48 53 51 23 
44 
58 30 44 
49 54 
58 
0 
53 31 38 24 42 25 
41 
35 27 46 
7 7 49 11 59 
5 59 45 45 
22 48 58 
16 58 31 0 
52 58 48 
64 
47 
23 34 0 38 34 19 34 16 33 
53 11 7 
53 58 23 25 
45 60 
28 53 
43 
44 45 
56 58 
8 
8 27 
53 29 62 
5 
58 25 28 20 34 
44 6 
0 58 
44 
48 58 
47 
58 
0 
25 
22 
0 12 53 57 58 29 
53 
30 30 30 30 41 30 
45 
38 47 
58 
64 
53 40 16 
63 13 31 54 
33 16 37 
53 35 25 13 1 
53 38 39 19 16 33 3 
53 3 3 
45 
53 2 
53 61 0 
53 27 58 19 
54 5 29 34 36 47 
31 
47 
34 37 
45 6 
45 
51 21 51 
29 44 
62 53 58 
65 12 52 1 
58 20 53 
29 16 16 31 52 52 58 33 
16 48 58 0 
31 52 29 58 
52 52 52 0 
58 47 56 0 34 52 13 49 52 
12 16 58 42 22 0 36 
57 58 64 
44 
18 
54 
28 58 
48 56 58 23 
16 26 1 56 58 
50 43 62 28 39 64 56 
53 54 56 57 58 
58 59 48 22 26 56 
53 6 
36 53 10 
36 17 58 53 
28 33 34 47 0 33 52 22 
45 
41 
41 
30 
56 64 
60 
34 29 21 31 57 
6 6 28 53 
13 
58 
16 
59 5 
31 31 31 31 22 22 22 22 1 
53 
4 31 6 45 
52 58 53 33 34 51 
53 20 
14 16 53 45 
52 
20 53 1 58 57 
53 
29 56 36 58 52 
58 53 13 62 
58 44 28 30 
36 23 
29 26 
36 20 16 
19 53 
56 
64 64 64 64 64 64 64 64 
54 23 23 54 57 53 
59 
58 0 53 22 31 
9 
64 58 
59 
47 58 48 31 53 1 
59 
64 53 
58 52 52 26 48 1 
20 20 20 20 20 33 33 
53 
29 57 51 
47 
56 
38 
10 
37 58 18 36 31 36 
38 24 
64 
30 38 43 53 31 28 3 
31 
36 
52 
53 28 44 
20 6 53 44 
58 
53 58 47 12 0 
0 58 53 25 
40 53 18 
34 31 28 51 38 
13 28 0 27 58 57 
52 58 
53 
30 30 30 
12 53 58 55 0 
43 
34 53 11 21 
46 
30 30 30 
52 38 31 30 52 0 
11 64 
44 6 
20 58 0 
34 28 34 33 34 
60 
59 
53 58 6 43 
53 
44 38 62 
62 20 66 
38 3 56 
56 0 56 13 49 51 48 11 27 
28 58 42 18 53 
56 19 53 34 0 
49 0 53 
48 0 
48 62 53 
24 
63 34 
1 23 58 53 
43 
7 7 
53 52 38 66 66 
38 30 58 31 12 53 
53 26 24 16 
43 
65 
33 61 36 49 32 25 28 
28 37 
56 62 53 
53 46 
34 32 19 1 56 58 
16 48 53 0 54 
60 
44 53 48 34 54 52 42 
31 32 6 21 
29 53 53 45 38 3 47 
53 55 2 52 25 58 
44 48 53 3 
56 53 58 
51 31 16 21 3 
48 38 48 22 22 16 48 53 16 
42 46 13 49 
53 
64 
33 36 36 18 27 
34 33 16 52 
34 17 
33 48 53 47 58 0 
22 33 34 
55 30 52 0 16 
53 38 
56 56 16 29 
65 51 
49 58 62 45 

